I_MagicNumber;I_ATRPeriod;I_AtRisk;I_StoplossMethod;I_ReversionPercent;I_StoplossATRMultiplier;I_TypicalSpread;I_MaxLotSize;I_RiskRewardRatio;I_LimitStopOrderExpiryMins;I_HiddenStoplossOffset;I_TradingStartHour;I_TradingEndHour;I_LogResultsInFile;End_Account_Balance;End_Account_Equity;Total P&L;NoTrades;NoWinTrades;WinRatio;MaxDrawdown;TotalTradeProfit;P&L_DD_Ratio;P&L_NoTrades_Ratio
20200505;4;20.0000;LowOrHighOfLast2Candles;-30;2.0000;0.000300;5.000000;1.500000;60;0.000000;8;19;1;10201.93847000;10201.93847000;0.00000000;126;53;0.42;182.5531;201.9385;1.1062;1.602686
20200505;5;20.0000;LowOrHighOfLast2Candles;-30;2.0000;0.000300;5.000000;1.500000;60;0.000000;8;19;1;9979.98153000;9979.98153000;15.39000000;149;58;0.39;329.2097;-20.0185;-0.0608;-0.134352
20200505;4;20.0000;LowOrHighOfLast2Candles;-20;2.0000;0.000300;5.000000;1.500000;60;0.000000;8;19;1;9935.83958000;9935.83958000;0.00000000;154;59;0.38;321.5938;-64.1604;-0.1995;-0.416626
20200505;5;20.0000;LowOrHighOfLast2Candles;-20;2.0000;0.000300;5.000000;1.500000;60;0.000000;8;19;1;9883.79192000;9883.79192000;0.00000000;186;69;0.37;473.6639;-116.2081;-0.2453;-0.624775
20200505;4;20.0000;LowOrHighOfLast2Candles;-10;2.0000;0.000300;5.000000;1.500000;60;0.000000;8;19;1;9631.67723000;9631.67723000;0.00000000;163;55;0.34;506.0852;-368.3228;-0.7278;-2.259649
20200505;5;20.0000;LowOrHighOfLast2Candles;-10;2.0000;0.000300;5.000000;1.500000;60;0.000000;8;19;1;9479.84664000;9479.84664000;0.00000000;206;67;0.33;678.0864;-520.1534;-0.7671;-2.525016
20200505;4;20.0000;LowOrHighOfLast2Candles;0;2.0000;0.000300;5.000000;1.500000;60;0.000000;8;19;1;9320.00041000;9320.00041000;0.00000000;164;48;0.29;728.5344;-679.9996;-0.9334;-4.146339
20200505;5;20.0000;LowOrHighOfLast2Candles;0;2.0000;0.000300;5.000000;1.500000;60;0.000000;8;19;1;9437.40580000;9437.40580000;0.00000000;197;64;0.32;742.5271;-562.5942;-0.7577;-2.855808
20200505;4;20.0000;LowOrHighOfLast2Candles;10;2.0000;0.000300;5.000000;1.500000;60;0.000000;8;19;1;9317.41738000;9317.41738000;0.00000000;131;36;0.27;695.7226;-682.5826;-0.9811;-5.210554
20200505;5;20.0000;LowOrHighOfLast2Candles;10;2.0000;0.000300;5.000000;1.500000;60;0.000000;8;19;1;9391.70398000;9391.70398000;0.00000000;170;53;0.31;679.6960;-608.2960;-0.8950;-3.578212
20200505;4;20.0000;LowOrHighOfLast2Candles;20;2.0000;0.000300;5.000000;1.500000;60;0.000000;8;19;1;9496.63064000;9496.63064000;0.00000000;103;29;0.28;576.8094;-503.3694;-0.8727;-4.887081
20200505;5;20.0000;LowOrHighOfLast2Candles;20;2.0000;0.000300;5.000000;1.500000;60;0.000000;8;19;1;9497.66496000;9497.66496000;0.00000000;131;40;0.31;536.4150;-502.3350;-0.9365;-3.834619
20200505;4;20.0000;LowOrHighOfLast2Candles;30;2.0000;0.000300;5.000000;1.500000;60;0.000000;8;19;1;9381.36982000;9381.36982000;0.00000000;72;15;0.21;637.0130;-618.6302;-0.9711;-8.592086
20200505;5;20.0000;LowOrHighOfLast2Candles;30;2.0000;0.000300;5.000000;1.500000;60;0.000000;8;19;1;9249.73879000;9249.73879000;0.00000000;99;23;0.23;750.2612;-750.2612;-1.0000;-7.578396
20200505;4;20.0000;LowOrHighOfLast2Candles;40;2.0000;0.000300;5.000000;1.500000;60;0.000000;8;19;1;9317.62338000;9317.62338000;0.00000000;57;8;0.14;696.7366;-682.3766;-0.9794;-11.971520
20200505;5;20.0000;LowOrHighOfLast2Candles;40;2.0000;0.000300;5.000000;1.500000;60;0.000000;8;19;1;9346.84747000;9346.84747000;0.00000000;77;16;0.21;700.3225;-653.1525;-0.9326;-8.482500
20200505;4;20.0000;LowOrHighOfLast2Candles;50;2.0000;0.000300;5.000000;1.500000;60;0.000000;8;19;1;9413.15930000;9413.15930000;0.00000000;41;4;0.10;602.6807;-586.8407;-0.9737;-14.313188
20200505;5;20.0000;LowOrHighOfLast2Candles;50;2.0000;0.000300;5.000000;1.500000;60;0.000000;8;19;1;9386.45930000;9386.45930000;0.00000000;51;7;0.14;663.8307;-613.5407;-0.9242;-12.030210
20200505;4;20.0000;LowOrHighOfLast2Candles;60;2.0000;0.000300;5.000000;1.500000;60;0.000000;8;19;1;9646.34746000;9646.34746000;0.00000000;32;5;0.16;370.8925;-353.6525;-0.9535;-11.051642
20200505;5;20.0000;LowOrHighOfLast2Candles;60;2.0000;0.000300;5.000000;1.500000;60;0.000000;8;19;1;9613.41746000;9613.41746000;0.00000000;37;6;0.16;439.1325;-386.5825;-0.8803;-10.448177
20200505;4;20.0000;LowOrHighOfLast2Candles;70;2.0000;0.000300;5.000000;1.500000;60;0.000000;8;19;1;9751.02000000;9751.02000000;0.00000000;24;4;0.17;248.9800;-248.9800;-1.0000;-10.374167
20200505;5;20.0000;LowOrHighOfLast2Candles;70;2.0000;0.000300;5.000000;1.500000;60;0.000000;8;19;1;9736.37000000;9736.37000000;0.00000000;25;4;0.16;263.6300;-263.6300;-1.0000;-10.545200
20200505;4;20.0000;LowOrHighOfLast2Candles;80;2.0000;0.000300;5.000000;1.500000;60;0.000000;8;19;1;9722.89000000;9722.89000000;0.00000000;17;1;0.06;277.1100;-277.1100;-1.0000;-16.300588
20200505;5;20.0000;LowOrHighOfLast2Candles;80;2.0000;0.000300;5.000000;1.500000;60;0.000000;8;19;1;9760.98000000;9760.98000000;0.00000000;21;3;0.14;240.4500;-239.0200;-0.9941;-11.381905
20200505;4;20.0000;LowOrHighOfLast2Candles;90;2.0000;0.000300;5.000000;1.500000;60;0.000000;8;19;1;9764.26000000;9764.26000000;0.00000000;15;1;0.07;235.7400;-235.7400;-1.0000;-15.716000
20200505;5;20.0000;LowOrHighOfLast2Candles;90;2.0000;0.000300;5.000000;1.500000;60;0.000000;8;19;1;9783.94000000;9783.94000000;0.00000000;14;1;0.07;216.0600;-216.0600;-1.0000;-15.432857
20200505;4;20.0000;LowOrHighOfLast2Candles;-30;2.0000;0.000300;5.000000;2.000000;60;0.000000;8;19;1;10098.07746000;10098.07746000;0.00000000;117;42;0.36;227.2948;98.0775;0.4315;0.838269
20200505;5;20.0000;LowOrHighOfLast2Candles;-30;2.0000;0.000300;5.000000;2.000000;60;0.000000;8;19;1;9966.41839000;9966.41839000;15.39000000;142;50;0.35;446.3394;-33.5816;-0.0752;-0.236490
20200505;4;20.0000;LowOrHighOfLast2Candles;-20;2.0000;0.000300;5.000000;2.000000;60;0.000000;8;19;1;10058.48547000;10058.48547000;0.00000000;148;53;0.36;308.6102;58.4855;0.1895;0.395172
20200505;5;20.0000;LowOrHighOfLast2Candles;-20;2.0000;0.000300;5.000000;2.000000;60;0.000000;8;19;1;9819.53902000;9819.53902000;16.74000000;180;58;0.32;629.3174;-180.4610;-0.2868;-1.002561
20200505;4;20.0000;LowOrHighOfLast2Candles;-10;2.0000;0.000300;5.000000;2.000000;60;0.000000;8;19;1;9856.75827000;9856.75827000;0.00000000;160;52;0.33;391.5672;-143.2417;-0.3658;-0.895261
20200505;5;20.0000;LowOrHighOfLast2Candles;-10;2.0000;0.000300;5.000000;2.000000;60;0.000000;8;19;1;9598.01570000;9598.01570000;20.00000000;200;59;0.30;648.0373;-401.9843;-0.6203;-2.009921
20200505;4;20.0000;LowOrHighOfLast2Candles;0;2.0000;0.000300;5.000000;2.000000;60;0.000000;8;19;1;9594.93867000;9594.93867000;0.00000000;162;47;0.29;505.2186;-405.0613;-0.8018;-2.500379
20200505;5;20.0000;LowOrHighOfLast2Candles;0;2.0000;0.000300;5.000000;2.000000;60;0.000000;8;19;1;9677.90546000;9677.90546000;0.00000000;190;58;0.31;574.1329;-322.0945;-0.5610;-1.695234
20200505;4;20.0000;LowOrHighOfLast2Candles;10;2.0000;0.000300;5.000000;2.000000;60;0.000000;8;19;1;9489.26903000;9489.26903000;0.00000000;128;33;0.26;572.0482;-510.7310;-0.8928;-3.990086
20200505;5;20.0000;LowOrHighOfLast2Candles;10;2.0000;0.000300;5.000000;2.000000;60;0.000000;8;19;1;9461.85073000;9461.85073000;0.00000000;161;44;0.27;686.9447;-538.1493;-0.7834;-3.342542
20200505;4;20.0000;LowOrHighOfLast2Candles;20;2.0000;0.000300;5.000000;2.000000;60;0.000000;8;19;1;9404.24975000;9404.24975000;0.00000000;101;23;0.23;654.8358;-595.7503;-0.9098;-5.898517
20200505;5;20.0000;LowOrHighOfLast2Candles;20;2.0000;0.000300;5.000000;2.000000;60;0.000000;8;19;1;9530.98104000;9530.98104000;0.00000000;123;33;0.27;556.6269;-469.0190;-0.8426;-3.813162
20200505;4;20.0000;LowOrHighOfLast2Candles;30;2.0000;0.000300;5.000000;2.000000;60;0.000000;8;19;1;9354.02220000;9354.02220000;0.00000000;72;12;0.17;702.5703;-645.9778;-0.9194;-8.971914
20200505;5;20.0000;LowOrHighOfLast2Candles;30;2.0000;0.000300;5.000000;2.000000;60;0.000000;8;19;1;9330.91244000;9330.91244000;0.00000000;97;21;0.22;672.6776;-669.0876;-0.9947;-6.897810
20200505;4;20.0000;LowOrHighOfLast2Candles;40;2.0000;0.000300;5.000000;2.000000;60;0.000000;8;19;1;9394.28278000;9394.28278000;0.00000000;57;8;0.14;629.7372;-605.7172;-0.9619;-10.626618
20200505;5;20.0000;LowOrHighOfLast2Candles;40;2.0000;0.000300;5.000000;2.000000;60;0.000000;8;19;1;9428.03687000;9428.03687000;0.00000000;77;15;0.19;638.4831;-571.9631;-0.8958;-7.428093
20200505;4;20.0000;LowOrHighOfLast2Candles;50;2.0000;0.000300;5.000000;2.000000;60;0.000000;8;19;1;9452.49930000;9452.49930000;0.00000000;41;4;0.10;572.9407;-547.5007;-0.9556;-13.353676
20200505;5;20.0000;LowOrHighOfLast2Candles;50;2.0000;0.000300;5.000000;2.000000;60;0.000000;8;19;1;9454.52930000;9454.52930000;0.00000000;51;7;0.14;615.1607;-545.4707;-0.8867;-10.695504
20200505;4;20.0000;LowOrHighOfLast2Candles;60;2.0000;0.000300;5.000000;2.000000;60;0.000000;8;19;1;9584.86318000;9584.86318000;0.00000000;31;3;0.10;442.1768;-415.1368;-0.9388;-13.391510
20200505;5;20.0000;LowOrHighOfLast2Candles;60;2.0000;0.000300;5.000000;2.000000;60;0.000000;8;19;1;9604.15746000;9604.15746000;0.00000000;37;5;0.14;468.0825;-395.8425;-0.8457;-10.698447
20200505;4;20.0000;LowOrHighOfLast2Candles;70;2.0000;0.000300;5.000000;2.000000;60;0.000000;8;19;1;9656.66000000;9656.66000000;0.00000000;24;2;0.08;343.3400;-343.3400;-1.0000;-14.305833
20200505;5;20.0000;LowOrHighOfLast2Candles;70;2.0000;0.000300;5.000000;2.000000;60;0.000000;8;19;1;9642.01000000;9642.01000000;0.00000000;25;2;0.08;357.9900;-357.9900;-1.0000;-14.319600
20200505;4;20.0000;LowOrHighOfLast2Candles;80;2.0000;0.000300;5.000000;2.000000;60;0.000000;8;19;1;9732.69000000;9732.69000000;0.00000000;17;1;0.06;267.3100;-267.3100;-1.0000;-15.724118
20200505;5;20.0000;LowOrHighOfLast2Candles;80;2.0000;0.000300;5.000000;2.000000;60;0.000000;8;19;1;9723.89000000;9723.89000000;0.00000000;21;2;0.10;287.4100;-276.1100;-0.9607;-13.148095
20200505;4;20.0000;LowOrHighOfLast2Candles;90;2.0000;0.000300;5.000000;2.000000;60;0.000000;8;19;1;9774.38000000;9774.38000000;0.00000000;15;1;0.07;225.6200;-225.6200;-1.0000;-15.041333
20200505;5;20.0000;LowOrHighOfLast2Candles;90;2.0000;0.000300;5.000000;2.000000;60;0.000000;8;19;1;9794.06000000;9794.06000000;0.00000000;14;1;0.07;205.9400;-205.9400;-1.0000;-14.710000
20200505;4;20.0000;LowOrHighOfLast2Candles;-30;2.0000;0.000300;5.000000;2.500000;60;0.000000;8;19;1;9976.26092000;9976.26092000;0.00000000;117;37;0.32;385.0291;-23.7391;-0.0617;-0.202898
20200505;5;20.0000;LowOrHighOfLast2Candles;-30;2.0000;0.000300;5.000000;2.500000;60;0.000000;8;19;1;9719.76822000;9719.76822000;15.39000000;138;41;0.30;461.5432;-280.2318;-0.6072;-2.030665
20200505;4;20.0000;LowOrHighOfLast2Candles;-20;2.0000;0.000300;5.000000;2.500000;60;0.000000;8;19;1;10118.02348000;10118.02348000;0.00000000;141;47;0.33;302.0210;118.0235;0.3908;0.837046
20200505;5;20.0000;LowOrHighOfLast2Candles;-20;2.0000;0.000300;5.000000;2.500000;60;0.000000;8;19;1;9627.08989000;9627.08989000;16.74000000;173;49;0.28;733.3788;-372.9101;-0.5085;-2.155550
20200505;4;20.0000;LowOrHighOfLast2Candles;-10;2.0000;0.000300;5.000000;2.500000;60;0.000000;8;19;1;9928.38013000;9928.38013000;0.00000000;149;46;0.31;458.6804;-71.6199;-0.1561;-0.480670
20200505;5;20.0000;LowOrHighOfLast2Candles;-10;2.0000;0.000300;5.000000;2.500000;60;0.000000;8;19;1;9673.37117000;9673.37117000;20.00000000;194;55;0.28;599.9774;-326.6288;-0.5444;-1.683654
20200505;4;20.0000;LowOrHighOfLast2Candles;0;2.0000;0.000300;5.000000;2.500000;60;0.000000;8;19;1;9662.31547000;9662.31547000;0.00000000;157;42;0.27;504.0487;-337.6845;-0.6699;-2.150857
20200505;5;20.0000;LowOrHighOfLast2Candles;0;2.0000;0.000300;5.000000;2.500000;60;0.000000;8;19;1;9433.28395000;9433.28395000;23.65000000;186;48;0.26;844.6045;-566.7161;-0.6710;-3.046860
20200505;4;20.0000;LowOrHighOfLast2Candles;10;2.0000;0.000300;5.000000;2.500000;60;0.000000;8;19;1;9643.13007000;9643.13007000;0.00000000;126;31;0.25;432.8972;-356.8699;-0.8244;-2.832301
20200505;5;20.0000;LowOrHighOfLast2Candles;10;2.0000;0.000300;5.000000;2.500000;60;0.000000;8;19;1;9485.02482000;9485.02482000;27.60000000;159;39;0.25;697.6106;-514.9752;-0.7382;-3.238838
20200505;4;20.0000;LowOrHighOfLast2Candles;20;2.0000;0.000300;5.000000;2.500000;60;0.000000;8;19;1;9579.34547000;9579.34547000;0.00000000;101;23;0.23;531.4079;-420.6545;-0.7916;-4.164896
20200505;5;20.0000;LowOrHighOfLast2Candles;20;2.0000;0.000300;5.000000;2.500000;60;0.000000;8;19;1;9641.19579000;9641.19579000;0.00000000;120;30;0.25;485.4322;-358.8042;-0.7391;-2.990035
20200505;4;20.0000;LowOrHighOfLast2Candles;30;2.0000;0.000300;5.000000;2.500000;60;0.000000;8;19;1;9390.48593000;9390.48593000;0.00000000;70;11;0.16;704.3846;-609.5141;-0.8653;-8.707344
20200505;5;20.0000;LowOrHighOfLast2Candles;30;2.0000;0.000300;5.000000;2.500000;60;0.000000;8;19;1;9381.66014000;9381.66014000;0.00000000;93;19;0.20;645.5209;-618.3399;-0.9579;-6.648816
20200505;4;20.0000;LowOrHighOfLast2Candles;40;2.0000;0.000300;5.000000;2.500000;60;0.000000;8;19;1;9177.22247000;9177.22247000;0.00000000;56;4;0.07;856.0907;-822.7775;-0.9611;-14.692456
20200505;5;20.0000;LowOrHighOfLast2Candles;40;2.0000;0.000300;5.000000;2.500000;60;0.000000;8;19;1;9329.70084000;9329.70084000;0.00000000;75;12;0.16;755.8023;-670.2992;-0.8869;-8.937322
20200505;4;20.0000;LowOrHighOfLast2Candles;50;2.0000;0.000300;5.000000;2.500000;60;0.000000;8;19;1;9491.89930000;9491.89930000;0.00000000;41;4;0.10;543.3807;-508.1007;-0.9351;-12.392700
20200505;5;20.0000;LowOrHighOfLast2Candles;50;2.0000;0.000300;5.000000;2.500000;60;0.000000;8;19;1;9450.47930000;9450.47930000;0.00000000;51;6;0.12;639.0507;-549.5207;-0.8599;-10.774916
20200505;4;20.0000;LowOrHighOfLast2Candles;60;2.0000;0.000300;5.000000;2.500000;60;0.000000;8;19;1;9614.00318000;9614.00318000;0.00000000;31;3;0.10;422.8368;-385.9968;-0.9129;-12.451510
20200505;5;20.0000;LowOrHighOfLast2Candles;60;2.0000;0.000300;5.000000;2.500000;60;0.000000;8;19;1;9653.57746000;9653.57746000;0.00000000;37;5;0.14;438.3525;-346.4225;-0.7903;-9.362771
20200505;4;20.0000;LowOrHighOfLast2Candles;70;2.0000;0.000300;5.000000;2.500000;60;0.000000;8;19;1;9676.02000000;9676.02000000;0.00000000;24;2;0.08;323.9800;-323.9800;-1.0000;-13.499167
20200505;5;20.0000;LowOrHighOfLast2Candles;70;2.0000;0.000300;5.000000;2.500000;60;0.000000;8;19;1;9661.37000000;9661.37000000;0.00000000;25;2;0.08;338.6300;-338.6300;-1.0000;-13.545200
20200505;4;20.0000;LowOrHighOfLast2Candles;80;2.0000;0.000300;5.000000;2.500000;60;0.000000;8;19;1;9742.49000000;9742.49000000;0.00000000;17;1;0.06;257.5100;-257.5100;-1.0000;-15.147647
20200505;5;20.0000;LowOrHighOfLast2Candles;80;2.0000;0.000300;5.000000;2.500000;60;0.000000;8;19;1;9743.56000000;9743.56000000;0.00000000;21;2;0.10;277.6100;-256.4400;-0.9237;-12.211429
20200505;4;20.0000;LowOrHighOfLast2Candles;90;2.0000;0.000300;5.000000;2.500000;60;0.000000;8;19;1;9784.04000000;9784.04000000;0.00000000;15;1;0.07;215.9600;-215.9600;-1.0000;-14.397333
20200505;5;20.0000;LowOrHighOfLast2Candles;90;2.0000;0.000300;5.000000;2.500000;60;0.000000;8;19;1;9803.72000000;9803.72000000;0.00000000;14;1;0.07;196.2800;-196.2800;-1.0000;-14.020000
20200505;4;20.0000;LowOrHighOfLast2Candles;-30;2.0000;0.000300;5.000000;3.000000;60;0.000000;8;19;1;9965.99824000;9965.99824000;0.00000000;116;35;0.30;500.5213;-34.0018;-0.0679;-0.293119
20200505;5;20.0000;LowOrHighOfLast2Candles;-30;2.0000;0.000300;5.000000;3.000000;60;0.000000;8;19;1;9743.98770000;9743.98770000;15.39000000;136;38;0.28;458.1607;-256.0123;-0.5588;-1.882443
20200505;4;20.0000;LowOrHighOfLast2Candles;-20;2.0000;0.000300;5.000000;3.000000;60;0.000000;8;19;1;9989.72567000;9989.72567000;0.00000000;140;43;0.31;391.5677;-10.2743;-0.0262;-0.073388
20200505;5;20.0000;LowOrHighOfLast2Candles;-20;2.0000;0.000300;5.000000;3.000000;60;0.000000;8;19;1;9660.98940000;9660.98940000;16.74000000;168;45;0.27;730.7365;-339.0106;-0.4639;-2.017920
20200505;4;20.0000;LowOrHighOfLast2Candles;-10;2.0000;0.000300;5.000000;3.000000;60;0.000000;8;19;1;9775.62127000;9775.62127000;0.00000000;149;42;0.28;500.5951;-224.3787;-0.4482;-1.505898
20200505;5;20.0000;LowOrHighOfLast2Candles;-10;2.0000;0.000300;5.000000;3.000000;60;0.000000;8;19;1;9461.95741000;9461.95741000;20.00000000;192;49;0.26;788.6848;-538.0426;-0.6822;-2.802305
20200505;4;20.0000;LowOrHighOfLast2Candles;0;2.0000;0.000300;5.000000;3.000000;60;0.000000;8;19;1;9704.56597000;9704.56597000;0.00000000;151;39;0.26;442.6093;-295.4340;-0.6675;-1.956517
20200505;5;20.0000;LowOrHighOfLast2Candles;0;2.0000;0.000300;5.000000;3.000000;60;0.000000;8;19;1;9362.30354000;9362.30354000;23.65000000;181;44;0.24;951.3249;-637.6965;-0.6703;-3.523185
20200505;4;20.0000;LowOrHighOfLast2Candles;10;2.0000;0.000300;5.000000;3.000000;60;0.000000;8;19;1;9791.55603000;9791.55603000;0.00000000;122;29;0.24;303.5440;-208.4440;-0.6867;-1.708557
20200505;5;20.0000;LowOrHighOfLast2Candles;10;2.0000;0.000300;5.000000;3.000000;60;0.000000;8;19;1;9609.87074000;9609.87074000;27.60000000;156;37;0.24;594.7947;-390.1293;-0.6559;-2.500829
20200505;4;20.0000;LowOrHighOfLast2Candles;20;2.0000;0.000300;5.000000;3.000000;60;0.000000;8;19;1;9655.05059000;9655.05059000;0.00000000;98;22;0.22;439.0928;-344.9494;-0.7856;-3.519892
20200505;5;20.0000;LowOrHighOfLast2Candles;20;2.0000;0.000300;5.000000;3.000000;60;0.000000;8;19;1;9537.07288000;9537.07288000;0.00000000;117;26;0.22;657.1662;-462.9271;-0.7044;-3.956642
20200505;4;20.0000;LowOrHighOfLast2Candles;30;2.0000;0.000300;5.000000;3.000000;60;0.000000;8;19;1;9459.31593000;9459.31593000;0.00000000;70;11;0.16;654.6046;-540.6841;-0.8260;-7.724058
20200505;5;20.0000;LowOrHighOfLast2Candles;30;2.0000;0.000300;5.000000;3.000000;60;0.000000;8;19;1;9528.71146000;9528.71146000;0.00000000;92;19;0.21;518.0196;-471.2885;-0.9098;-5.122702
20200505;4;20.0000;LowOrHighOfLast2Candles;40;2.0000;0.000300;5.000000;3.000000;60;0.000000;8;19;1;9206.23247000;9206.23247000;0.00000000;56;4;0.07;836.5307;-793.7675;-0.9489;-14.174420
20200505;5;20.0000;LowOrHighOfLast2Candles;40;2.0000;0.000300;5.000000;3.000000;60;0.000000;8;19;1;9435.26710000;9435.26710000;0.00000000;74;12;0.16;694.1641;-564.7329;-0.8135;-7.631526
20200505;4;20.0000;LowOrHighOfLast2Candles;50;2.0000;0.000300;5.000000;3.000000;60;0.000000;8;19;1;9330.61310000;9330.61310000;0.00000000;40;2;0.05;714.0876;-669.3869;-0.9374;-16.734673
20200505;5;20.0000;LowOrHighOfLast2Candles;50;2.0000;0.000300;5.000000;3.000000;60;0.000000;8;19;1;9412.93544000;9412.93544000;0.00000000;49;5;0.10;696.0153;-587.0646;-0.8435;-11.980909
20200505;4;20.0000;LowOrHighOfLast2Candles;60;2.0000;0.000300;5.000000;3.000000;60;0.000000;8;19;1;9643.23318000;9643.23318000;0.00000000;31;3;0.10;403.6868;-356.7668;-0.8838;-11.508607
20200505;5;20.0000;LowOrHighOfLast2Candles;60;2.0000;0.000300;5.000000;3.000000;60;0.000000;8;19;1;9702.97746000;9702.97746000;0.00000000;37;5;0.14;408.6925;-297.0225;-0.7268;-8.027636
20200505;4;20.0000;LowOrHighOfLast2Candles;70;2.0000;0.000300;5.000000;3.000000;60;0.000000;8;19;1;9695.66000000;9695.66000000;0.00000000;24;2;0.08;304.3400;-304.3400;-1.0000;-12.680833
20200505;5;20.0000;LowOrHighOfLast2Candles;70;2.0000;0.000300;5.000000;3.000000;60;0.000000;8;19;1;9681.01000000;9681.01000000;0.00000000;25;2;0.08;328.8200;-318.9900;-0.9701;-12.759600
20200505;4;20.0000;LowOrHighOfLast2Candles;80;2.0000;0.000300;5.000000;3.000000;60;0.000000;8;19;1;9752.29000000;9752.29000000;0.00000000;17;1;0.06;247.7100;-247.7100;-1.0000;-14.571176
20200505;5;20.0000;LowOrHighOfLast2Candles;80;2.0000;0.000300;5.000000;3.000000;60;0.000000;8;19;1;9763.23000000;9763.23000000;0.00000000;21;2;0.10;267.8100;-236.7700;-0.8841;-11.274762
20200505;4;20.0000;LowOrHighOfLast2Candles;90;2.0000;0.000300;5.000000;3.000000;60;0.000000;8;19;1;9794.16000000;9794.16000000;0.00000000;15;1;0.07;205.8400;-205.8400;-1.0000;-13.722667
20200505;5;20.0000;LowOrHighOfLast2Candles;90;2.0000;0.000300;5.000000;3.000000;60;0.000000;8;19;1;9813.84000000;9813.84000000;0.00000000;14;1;0.07;186.1600;-186.1600;-1.0000;-13.297143
20200505;4;20.0000;LowOrHighOfLast2Candles;-30;2.0000;0.000300;5.000000;3.500000;60;0.000000;8;19;1;9912.46745000;9912.46745000;0.00000000;114;33;0.29;511.0827;-87.5326;-0.1713;-0.767829
20200505;5;20.0000;LowOrHighOfLast2Candles;-30;2.0000;0.000300;5.000000;3.500000;60;0.000000;8;19;1;9794.44230000;9794.44230000;15.39000000;133;36;0.27;453.5400;-205.5577;-0.4532;-1.545547
20200505;4;20.0000;LowOrHighOfLast2Candles;-20;2.0000;0.000300;5.000000;3.500000;60;0.000000;8;19;1;9695.24257000;9695.24257000;0.00000000;138;37;0.27;665.8092;-304.7574;-0.4577;-2.208387
20200505;5;20.0000;LowOrHighOfLast2Candles;-20;2.0000;0.000300;5.000000;3.500000;60;0.000000;8;19;1;9433.91023000;9433.91023000;16.74000000;163;38;0.23;898.4963;-566.0898;-0.6300;-3.472943
20200505;4;20.0000;LowOrHighOfLast2Candles;-10;2.0000;0.000300;5.000000;3.500000;60;0.000000;8;19;1;9701.11029000;9701.11029000;0.00000000;149;40;0.27;609.4358;-298.8897;-0.4904;-2.005971
20200505;5;20.0000;LowOrHighOfLast2Candles;-10;2.0000;0.000300;5.000000;3.500000;60;0.000000;8;19;1;9437.32387000;9437.32387000;20.00000000;188;45;0.24;907.0866;-562.6761;-0.6203;-2.992958
20200505;4;20.0000;LowOrHighOfLast2Candles;0;2.0000;0.000300;5.000000;3.500000;60;0.000000;8;19;1;9565.05223000;9565.05223000;0.00000000;151;37;0.25;566.8759;-434.9478;-0.7673;-2.880449
20200505;5;20.0000;LowOrHighOfLast2Candles;0;2.0000;0.000300;5.000000;3.500000;60;0.000000;8;19;1;9507.61827000;9507.61827000;23.65000000;180;44;0.24;833.5701;-492.3817;-0.5907;-2.735454
20200505;4;20.0000;LowOrHighOfLast2Candles;10;2.0000;0.000300;5.000000;3.500000;60;0.000000;8;19;1;9696.86044000;9696.86044000;0.00000000;120;27;0.23;401.3888;-303.1396;-0.7552;-2.526163
20200505;5;20.0000;LowOrHighOfLast2Candles;10;2.0000;0.000300;5.000000;3.500000;60;0.000000;8;19;1;9655.63655000;9655.63655000;27.60000000;153;36;0.24;566.6489;-344.3634;-0.6077;-2.250742
20200505;4;20.0000;LowOrHighOfLast2Candles;20;2.0000;0.000300;5.000000;3.500000;60;0.000000;8;19;1;9718.64743000;9718.64743000;0.00000000;96;21;0.22;385.7457;-281.3526;-0.7294;-2.930756
20200505;5;20.0000;LowOrHighOfLast2Candles;20;2.0000;0.000300;5.000000;3.500000;60;0.000000;8;19;1;9511.85317000;9511.85317000;0.00000000;114;23;0.20;693.0948;-488.1468;-0.7043;-4.281990
20200505;4;20.0000;LowOrHighOfLast2Candles;30;2.0000;0.000300;5.000000;3.500000;60;0.000000;8;19;1;9370.07767000;9370.07767000;0.00000000;70;10;0.14;682.3229;-629.9223;-0.9232;-8.998890
20200505;5;20.0000;LowOrHighOfLast2Candles;30;2.0000;0.000300;5.000000;3.500000;60;0.000000;8;19;1;9226.08356000;9226.08356000;0.00000000;92;15;0.16;807.8695;-773.9164;-0.9580;-8.412135
20200505;4;20.0000;LowOrHighOfLast2Candles;40;2.0000;0.000300;5.000000;3.500000;60;0.000000;8;19;1;9230.67247000;9230.67247000;0.00000000;56;4;0.07;821.7507;-769.3275;-0.9362;-13.737992
20200505;5;20.0000;LowOrHighOfLast2Candles;40;2.0000;0.000300;5.000000;3.500000;60;0.000000;8;19;1;9517.56011000;9517.56011000;0.00000000;74;12;0.16;640.8041;-482.4399;-0.7529;-6.519458
20200505;4;20.0000;LowOrHighOfLast2Candles;50;2.0000;0.000300;5.000000;3.500000;60;0.000000;8;19;1;9340.21310000;9340.21310000;0.00000000;40;2;0.05;714.0876;-659.7869;-0.9240;-16.494673
20200505;5;20.0000;LowOrHighOfLast2Candles;50;2.0000;0.000300;5.000000;3.500000;60;0.000000;8;19;1;9452.12122000;9452.12122000;0.00000000;49;5;0.10;676.4295;-547.8788;-0.8100;-11.181200
20200505;4;20.0000;LowOrHighOfLast2Candles;60;2.0000;0.000300;5.000000;3.500000;60;0.000000;8;19;1;9581.60964000;9581.60964000;0.00000000;31;2;0.06;474.9012;-418.3904;-0.8810;-13.496463
20200505;5;20.0000;LowOrHighOfLast2Candles;60;2.0000;0.000300;5.000000;3.500000;60;0.000000;8;19;1;9752.18830000;9752.18830000;0.00000000;37;5;0.14;378.9625;-247.8117;-0.6539;-6.697614
20200505;4;20.0000;LowOrHighOfLast2Candles;70;2.0000;0.000300;5.000000;3.500000;60;0.000000;8;19;1;9715.02000000;9715.02000000;0.00000000;24;2;0.08;284.9800;-284.9800;-1.0000;-11.874167
20200505;5;20.0000;LowOrHighOfLast2Candles;70;2.0000;0.000300;5.000000;3.500000;60;0.000000;8;19;1;9700.37000000;9700.37000000;0.00000000;25;2;0.08;319.3000;-299.6300;-0.9384;-11.985200
20200505;4;20.0000;LowOrHighOfLast2Candles;80;2.0000;0.000300;5.000000;3.500000;60;0.000000;8;19;1;9762.09000000;9762.09000000;0.00000000;17;1;0.06;237.9100;-237.9100;-1.0000;-13.994706
20200505;5;20.0000;LowOrHighOfLast2Candles;80;2.0000;0.000300;5.000000;3.500000;60;0.000000;8;19;1;9782.90000000;9782.90000000;0.00000000;21;2;0.10;258.0100;-217.1000;-0.8414;-10.338095
20200505;4;20.0000;LowOrHighOfLast2Candles;90;2.0000;0.000300;5.000000;3.500000;60;0.000000;8;19;1;9803.82000000;9803.82000000;0.00000000;15;1;0.07;196.1800;-196.1800;-1.0000;-13.078667
20200505;5;20.0000;LowOrHighOfLast2Candles;90;2.0000;0.000300;5.000000;3.500000;60;0.000000;8;19;1;9823.50000000;9823.50000000;0.00000000;14;1;0.07;176.5000;-176.5000;-1.0000;-12.607143
20200505;4;20.0000;LowOrHighOfLast2Candles;-30;2.0000;0.000300;5.000000;4.000000;60;0.000000;8;19;1;9885.12533000;9885.12533000;0.00000000;113;32;0.28;520.7523;-114.8747;-0.2206;-1.016590
20200505;5;20.0000;LowOrHighOfLast2Candles;-30;2.0000;0.000300;5.000000;4.000000;60;0.000000;8;19;1;9817.47786000;9817.47786000;15.39000000;130;34;0.26;439.0227;-182.5221;-0.4157;-1.404016
20200505;4;20.0000;LowOrHighOfLast2Candles;-20;2.0000;0.000300;5.000000;4.000000;60;0.000000;8;19;1;9658.95662000;9658.95662000;0.00000000;135;36;0.27;664.3362;-341.0434;-0.5134;-2.526247
20200505;5;20.0000;LowOrHighOfLast2Candles;-20;2.0000;0.000300;5.000000;4.000000;60;0.000000;8;19;1;9442.62562000;9442.62562000;16.74000000;160;37;0.23;895.0600;-557.3744;-0.6227;-3.483590
20200505;4;20.0000;LowOrHighOfLast2Candles;-10;2.0000;0.000300;5.000000;4.000000;60;0.000000;8;19;1;9463.55121000;9463.55121000;0.00000000;145;36;0.25;768.3571;-536.4488;-0.6982;-3.699647
20200505;5;20.0000;LowOrHighOfLast2Candles;-10;2.0000;0.000300;5.000000;4.000000;60;0.000000;8;19;1;9234.02250000;9234.02250000;20.00000000;184;41;0.22;997.0949;-765.9775;-0.7682;-4.162921
20200505;4;20.0000;LowOrHighOfLast2Candles;0;2.0000;0.000300;5.000000;4.000000;60;0.000000;8;19;1;9471.81230000;9471.81230000;0.00000000;151;35;0.23;678.3958;-528.1877;-0.7786;-3.497932
20200505;5;20.0000;LowOrHighOfLast2Candles;0;2.0000;0.000300;5.000000;4.000000;60;0.000000;8;19;1;9339.24058000;9339.24058000;23.65000000;177;40;0.23;1002.1131;-660.7594;-0.6594;-3.733104
20200505;4;20.0000;LowOrHighOfLast2Candles;10;2.0000;0.000300;5.000000;4.000000;60;0.000000;8;19;1;9599.03140000;9599.03140000;0.00000000;120;26;0.22;463.4986;-400.9686;-0.8651;-3.341405
20200505;5;20.0000;LowOrHighOfLast2Candles;10;2.0000;0.000300;5.000000;4.000000;60;0.000000;8;19;1;9703.09968000;9703.09968000;27.60000000;153;36;0.24;539.6264;-296.9003;-0.5502;-1.940525
20200505;4;20.0000;LowOrHighOfLast2Candles;20;2.0000;0.000300;5.000000;4.000000;60;0.000000;8;19;1;9674.51791000;9674.51791000;0.00000000;96;20;0.21;432.4192;-325.4821;-0.7527;-3.390438
20200505;5;20.0000;LowOrHighOfLast2Candles;20;2.0000;0.000300;5.000000;4.000000;60;0.000000;8;19;1;9510.15341000;9510.15341000;0.00000000;113;22;0.19;707.6245;-489.8466;-0.6922;-4.334926
20200505;4;20.0000;LowOrHighOfLast2Candles;30;2.0000;0.000300;5.000000;4.000000;60;0.000000;8;19;1;9315.01261000;9315.01261000;0.00000000;70;9;0.13;695.3110;-684.9874;-0.9852;-9.785534
20200505;5;20.0000;LowOrHighOfLast2Candles;30;2.0000;0.000300;5.000000;4.000000;60;0.000000;8;19;1;9209.59296000;9209.59296000;0.00000000;91;14;0.15;834.2201;-790.4070;-0.9475;-8.685792
20200505;4;20.0000;LowOrHighOfLast2Candles;40;2.0000;0.000300;5.000000;4.000000;60;0.000000;8;19;1;9149.50247000;9149.50247000;0.00000000;56;3;0.05;850.4975;-850.4975;-1.0000;-15.187456
20200505;5;20.0000;LowOrHighOfLast2Candles;40;2.0000;0.000300;5.000000;4.000000;60;0.000000;8;19;1;9211.78830000;9211.78830000;0.00000000;74;8;0.11;914.0628;-788.2117;-0.8623;-10.651509
20200505;4;20.0000;LowOrHighOfLast2Candles;50;2.0000;0.000300;5.000000;4.000000;60;0.000000;8;19;1;9349.81310000;9349.81310000;0.00000000;40;2;0.05;714.0876;-650.1869;-0.9105;-16.254673
20200505;5;20.0000;LowOrHighOfLast2Candles;50;2.0000;0.000300;5.000000;4.000000;60;0.000000;8;19;1;9490.56182000;9490.56182000;0.00000000;49;5;0.10;657.2395;-509.4382;-0.7751;-10.396698
20200505;4;20.0000;LowOrHighOfLast2Candles;60;2.0000;0.000300;5.000000;4.000000;60;0.000000;8;19;1;9526.12964000;9526.12964000;0.00000000;31;2;0.06;540.1812;-473.8704;-0.8772;-15.286141
20200505;5;20.0000;LowOrHighOfLast2Candles;60;2.0000;0.000300;5.000000;4.000000;60;0.000000;8;19;1;9726.26420000;9726.26420000;0.00000000;37;5;0.14;424.5766;-273.7358;-0.6447;-7.398265
20200505;4;20.0000;LowOrHighOfLast2Candles;70;2.0000;0.000300;5.000000;4.000000;60;0.000000;8;19;1;9734.66000000;9734.66000000;0.00000000;24;2;0.08;265.3400;-265.3400;-1.0000;-11.055833
20200505;5;20.0000;LowOrHighOfLast2Candles;70;2.0000;0.000300;5.000000;4.000000;60;0.000000;8;19;1;9719.60000000;9719.60000000;0.00000000;25;2;0.08;309.5000;-280.4000;-0.9060;-11.216000
20200505;4;20.0000;LowOrHighOfLast2Candles;80;2.0000;0.000300;5.000000;4.000000;60;0.000000;8;19;1;9771.89000000;9771.89000000;0.00000000;17;1;0.06;228.1100;-228.1100;-1.0000;-13.418235
20200505;5;20.0000;LowOrHighOfLast2Candles;80;2.0000;0.000300;5.000000;4.000000;60;0.000000;8;19;1;9802.57000000;9802.57000000;0.00000000;21;2;0.10;248.2100;-197.4300;-0.7954;-9.401429
20200505;4;20.0000;LowOrHighOfLast2Candles;90;2.0000;0.000300;5.000000;4.000000;60;0.000000;8;19;1;9813.94000000;9813.94000000;0.00000000;15;1;0.07;186.0600;-186.0600;-1.0000;-12.404000
20200505;5;20.0000;LowOrHighOfLast2Candles;90;2.0000;0.000300;5.000000;4.000000;60;0.000000;8;19;1;9833.62000000;9833.62000000;0.00000000;14;1;0.07;166.3800;-166.3800;-1.0000;-11.884286
20200505;4;20.0000;LowOrHighOfLast2Candles;-30;2.0000;0.000300;5.000000;1.500000;120;0.000000;8;19;1;9984.25907000;9984.25907000;0.00000000;137;53;0.39;459.6895;-15.7409;-0.0342;-0.114897
20200505;5;20.0000;LowOrHighOfLast2Candles;-30;2.0000;0.000300;5.000000;1.500000;120;0.000000;8;19;1;9733.47751000;9733.47751000;15.39000000;169;61;0.36;513.3226;-266.5225;-0.5192;-1.577056
20200505;4;20.0000;LowOrHighOfLast2Candles;-20;2.0000;0.000300;5.000000;1.500000;120;0.000000;8;19;1;9640.14075000;9640.14075000;0.00000000;163;57;0.35;550.2172;-359.8593;-0.6540;-2.207725
20200505;5;20.0000;LowOrHighOfLast2Candles;-20;2.0000;0.000300;5.000000;1.500000;120;0.000000;8;19;1;9564.44300000;9564.44300000;0.00000000;194;66;0.34;708.8797;-435.5570;-0.6144;-2.245139
20200505;4;20.0000;LowOrHighOfLast2Candles;-10;2.0000;0.000300;5.000000;1.500000;120;0.000000;8;19;1;9436.36885000;9436.36885000;0.00000000;174;56;0.32;663.9200;-563.6312;-0.8489;-3.239259
20200505;5;20.0000;LowOrHighOfLast2Candles;-10;2.0000;0.000300;5.000000;1.500000;120;0.000000;8;19;1;9191.09343000;9191.09343000;0.00000000;218;66;0.30;996.8274;-808.9066;-0.8115;-3.710581
20200505;4;20.0000;LowOrHighOfLast2Candles;0;2.0000;0.000300;5.000000;1.500000;120;0.000000;8;19;1;9235.76890000;9235.76890000;0.00000000;172;50;0.29;809.3016;-764.2311;-0.9443;-4.443204
20200505;5;20.0000;LowOrHighOfLast2Candles;0;2.0000;0.000300;5.000000;1.500000;120;0.000000;8;19;1;9201.02345000;9201.02345000;0.00000000;215;66;0.31;871.6943;-798.9766;-0.9166;-3.716170
20200505;4;20.0000;LowOrHighOfLast2Candles;10;2.0000;0.000300;5.000000;1.500000;120;0.000000;8;19;1;9214.17534000;9214.17534000;0.00000000;152;42;0.28;798.9647;-785.8247;-0.9836;-5.169899
20200505;5;20.0000;LowOrHighOfLast2Candles;10;2.0000;0.000300;5.000000;1.500000;120;0.000000;8;19;1;9117.42228000;9117.42228000;0.00000000;200;60;0.30;947.1977;-882.5777;-0.9318;-4.412889
20200505;4;20.0000;LowOrHighOfLast2Candles;20;2.0000;0.000300;5.000000;1.500000;120;0.000000;8;19;1;9420.72055000;9420.72055000;0.00000000;133;39;0.29;614.1095;-579.2794;-0.9433;-4.355485
20200505;5;20.0000;LowOrHighOfLast2Candles;20;2.0000;0.000300;5.000000;1.500000;120;0.000000;8;19;1;9122.38561000;9122.38561000;0.00000000;169;47;0.28;913.0660;-877.6144;-0.9612;-5.192985
20200505;4;20.0000;LowOrHighOfLast2Candles;30;2.0000;0.000300;5.000000;1.500000;120;0.000000;8;19;1;9244.77440000;9244.77440000;0.00000000;107;25;0.23;816.8156;-755.2256;-0.9246;-7.058183
20200505;5;20.0000;LowOrHighOfLast2Candles;30;2.0000;0.000300;5.000000;1.500000;120;0.000000;8;19;1;8909.57979000;8909.57979000;0.00000000;144;32;0.22;1147.3698;-1090.4202;-0.9504;-7.572363
20200505;4;20.0000;LowOrHighOfLast2Candles;40;2.0000;0.000300;5.000000;1.500000;120;0.000000;8;19;1;9172.89295000;9172.89295000;0.00000000;98;20;0.20;885.5571;-827.1071;-0.9340;-8.439868
20200505;5;20.0000;LowOrHighOfLast2Candles;40;2.0000;0.000300;5.000000;1.500000;120;0.000000;8;19;1;8856.67472000;8856.67472000;0.00000000;120;22;0.18;1171.5753;-1143.3253;-0.9759;-9.527711
20200505;4;20.0000;LowOrHighOfLast2Candles;50;2.0000;0.000300;5.000000;1.500000;120;0.000000;8;19;1;9023.58930000;9023.58930000;0.00000000;87;14;0.16;1011.8307;-976.4107;-0.9650;-11.223111
20200505;5;20.0000;LowOrHighOfLast2Candles;50;2.0000;0.000300;5.000000;1.500000;120;0.000000;8;19;1;8782.59339000;8782.59339000;0.00000000;104;16;0.15;1249.0066;-1217.4066;-0.9747;-11.705833
20200505;4;20.0000;LowOrHighOfLast2Candles;60;2.0000;0.000300;5.000000;1.500000;120;0.000000;8;19;1;9078.97746000;9078.97746000;0.00000000;79;12;0.15;921.0225;-921.0225;-1.0000;-11.658513
20200505;5;20.0000;LowOrHighOfLast2Candles;60;2.0000;0.000300;5.000000;1.500000;120;0.000000;8;19;1;8871.51257000;8871.51257000;0.00000000;90;12;0.13;1128.4874;-1128.4874;-1.0000;-12.538749
20200505;4;20.0000;LowOrHighOfLast2Candles;70;2.0000;0.000300;5.000000;1.500000;120;0.000000;8;19;1;9298.22000000;9298.22000000;0.00000000;66;11;0.17;701.7800;-701.7800;-1.0000;-10.633030
20200505;5;20.0000;LowOrHighOfLast2Candles;70;2.0000;0.000300;5.000000;1.500000;120;0.000000;8;19;1;8993.72000000;8993.72000000;0.00000000;76;9;0.12;1006.2800;-1006.2800;-1.0000;-13.240526
20200505;4;20.0000;LowOrHighOfLast2Candles;80;2.0000;0.000300;5.000000;1.500000;120;0.000000;8;19;1;9244.99000000;9244.99000000;0.00000000;53;5;0.09;755.0100;-755.0100;-1.0000;-14.245472
20200505;5;20.0000;LowOrHighOfLast2Candles;80;2.0000;0.000300;5.000000;1.500000;120;0.000000;8;19;1;9029.54000000;9029.54000000;0.00000000;64;5;0.08;970.4600;-970.4600;-1.0000;-15.163438
20200505;4;20.0000;LowOrHighOfLast2Candles;90;2.0000;0.000300;5.000000;1.500000;120;0.000000;8;19;1;9334.54000000;9334.54000000;0.00000000;46;4;0.09;665.4600;-665.4600;-1.0000;-14.466522
20200505;5;20.0000;LowOrHighOfLast2Candles;90;2.0000;0.000300;5.000000;1.500000;120;0.000000;8;19;1;9012.57000000;9012.57000000;0.00000000;53;1;0.02;987.4300;-987.4300;-1.0000;-18.630755
20200505;4;20.0000;LowOrHighOfLast2Candles;-30;2.0000;0.000300;5.000000;2.000000;120;0.000000;8;19;1;10089.80147000;10089.80147000;0.00000000;129;47;0.36;423.2272;89.8015;0.2122;0.696135
20200505;5;20.0000;LowOrHighOfLast2Candles;-30;2.0000;0.000300;5.000000;2.000000;120;0.000000;8;19;1;9736.35397000;9736.35397000;15.39000000;163;53;0.33;583.9939;-263.6460;-0.4515;-1.617460
20200505;4;20.0000;LowOrHighOfLast2Candles;-20;2.0000;0.000300;5.000000;2.000000;120;0.000000;8;19;1;9689.45092000;9689.45092000;0.00000000;159;51;0.32;619.2444;-310.5491;-0.5015;-1.953139
20200505;5;20.0000;LowOrHighOfLast2Candles;-20;2.0000;0.000300;5.000000;2.000000;120;0.000000;8;19;1;9533.20273000;9533.20273000;16.74000000;187;57;0.30;735.2530;-466.7973;-0.6349;-2.496242
20200505;4;20.0000;LowOrHighOfLast2Candles;-10;2.0000;0.000300;5.000000;2.000000;120;0.000000;8;19;1;9678.25989000;9678.25989000;0.00000000;173;54;0.31;538.9620;-321.7401;-0.5970;-1.859769
20200505;5;20.0000;LowOrHighOfLast2Candles;-10;2.0000;0.000300;5.000000;2.000000;120;0.000000;8;19;1;9407.48541000;9407.48541000;20.00000000;212;61;0.29;878.2154;-592.5146;-0.6747;-2.794880
20200505;4;20.0000;LowOrHighOfLast2Candles;0;2.0000;0.000300;5.000000;2.000000;120;0.000000;8;19;1;9447.38502000;9447.38502000;0.00000000;171;48;0.28;691.7934;-552.6150;-0.7988;-3.231667
20200505;5;20.0000;LowOrHighOfLast2Candles;0;2.0000;0.000300;5.000000;2.000000;120;0.000000;8;19;1;9265.55374000;9265.55374000;0.00000000;206;56;0.27;885.5518;-734.4463;-0.8294;-3.565273
20200505;4;20.0000;LowOrHighOfLast2Candles;10;2.0000;0.000300;5.000000;2.000000;120;0.000000;8;19;1;9294.83251000;9294.83251000;0.00000000;150;37;0.25;753.6470;-705.1675;-0.9357;-4.701117
20200505;5;20.0000;LowOrHighOfLast2Candles;10;2.0000;0.000300;5.000000;2.000000;120;0.000000;8;19;1;9093.33331000;9093.33331000;0.00000000;192;48;0.25;990.5267;-906.6667;-0.9153;-4.722222
20200505;4;20.0000;LowOrHighOfLast2Candles;20;2.0000;0.000300;5.000000;2.000000;120;0.000000;8;19;1;9236.34304000;9236.34304000;0.00000000;131;30;0.23;786.2970;-763.6570;-0.9712;-5.829442
20200505;5;20.0000;LowOrHighOfLast2Candles;20;2.0000;0.000300;5.000000;2.000000;120;0.000000;8;19;1;9112.65936000;9112.65936000;0.00000000;163;38;0.23;931.5006;-887.3406;-0.9526;-5.443808
20200505;4;20.0000;LowOrHighOfLast2Candles;30;2.0000;0.000300;5.000000;2.000000;120;0.000000;8;19;1;9242.44842000;9242.44842000;0.00000000;107;21;0.20;795.5216;-757.5516;-0.9523;-7.079921
20200505;5;20.0000;LowOrHighOfLast2Candles;30;2.0000;0.000300;5.000000;2.000000;120;0.000000;8;19;1;8969.41574000;8969.41574000;0.00000000;142;28;0.20;1053.3139;-1030.5843;-0.9784;-7.257636
20200505;4;20.0000;LowOrHighOfLast2Candles;40;2.0000;0.000300;5.000000;2.000000;120;0.000000;8;19;1;9301.81359000;9301.81359000;0.00000000;98;19;0.19;732.3964;-698.1864;-0.9533;-7.124351
20200505;5;20.0000;LowOrHighOfLast2Candles;40;2.0000;0.000300;5.000000;2.000000;120;0.000000;8;19;1;8869.11402000;8869.11402000;0.00000000;120;19;0.16;1130.8860;-1130.8860;-1.0000;-9.424050
20200505;4;20.0000;LowOrHighOfLast2Candles;50;2.0000;0.000300;5.000000;2.000000;120;0.000000;8;19;1;9150.92930000;9150.92930000;0.00000000;87;14;0.16;906.5007;-849.0707;-0.9366;-9.759433
20200505;5;20.0000;LowOrHighOfLast2Candles;50;2.0000;0.000300;5.000000;2.000000;120;0.000000;8;19;1;8918.82375000;8918.82375000;0.00000000;104;16;0.15;1132.0362;-1081.1762;-0.9551;-10.395925
20200505;4;20.0000;LowOrHighOfLast2Candles;60;2.0000;0.000300;5.000000;2.000000;120;0.000000;8;19;1;9095.04318000;9095.04318000;0.00000000;77;10;0.13;918.3768;-904.9568;-0.9854;-11.752686
20200505;5;20.0000;LowOrHighOfLast2Candles;60;2.0000;0.000300;5.000000;2.000000;120;0.000000;8;19;1;8910.43257000;8910.43257000;0.00000000;90;11;0.12;1096.9774;-1089.5674;-0.9932;-12.106305
20200505;4;20.0000;LowOrHighOfLast2Candles;70;2.0000;0.000300;5.000000;2.000000;120;0.000000;8;19;1;9196.07000000;9196.07000000;0.00000000;66;8;0.12;810.1600;-803.9300;-0.9923;-12.180758
20200505;5;20.0000;LowOrHighOfLast2Candles;70;2.0000;0.000300;5.000000;2.000000;120;0.000000;8;19;1;8871.54000000;8871.54000000;0.00000000;76;6;0.08;1128.4600;-1128.4600;-1.0000;-14.848158
20200505;4;20.0000;LowOrHighOfLast2Candles;80;2.0000;0.000300;5.000000;2.000000;120;0.000000;8;19;1;9293.34000000;9293.34000000;0.00000000;53;5;0.09;706.6600;-706.6600;-1.0000;-13.333208
20200505;5;20.0000;LowOrHighOfLast2Candles;80;2.0000;0.000300;5.000000;2.000000;120;0.000000;8;19;1;9011.87000000;9011.87000000;0.00000000;64;4;0.06;988.1300;-988.1300;-1.0000;-15.439531
20200505;4;20.0000;LowOrHighOfLast2Candles;90;2.0000;0.000300;5.000000;2.000000;120;0.000000;8;19;1;9374.30000000;9374.30000000;0.00000000;46;4;0.09;625.7000;-625.7000;-1.0000;-13.602174
20200505;5;20.0000;LowOrHighOfLast2Candles;90;2.0000;0.000300;5.000000;2.000000;120;0.000000;8;19;1;9022.69000000;9022.69000000;0.00000000;53;1;0.02;977.3100;-977.3100;-1.0000;-18.439811
20200505;4;20.0000;LowOrHighOfLast2Candles;-30;2.0000;0.000300;5.000000;2.500000;120;0.000000;8;19;1;9938.79276000;9938.79276000;0.00000000;128;41;0.32;481.0527;-61.2072;-0.1272;-0.478182
20200505;5;20.0000;LowOrHighOfLast2Candles;-30;2.0000;0.000300;5.000000;2.500000;120;0.000000;8;19;1;9552.47901000;9552.47901000;15.39000000;159;45;0.28;672.3655;-447.5210;-0.6656;-2.814597
20200505;4;20.0000;LowOrHighOfLast2Candles;-20;2.0000;0.000300;5.000000;2.500000;120;0.000000;8;19;1;9894.75729000;9894.75729000;0.00000000;152;48;0.32;569.3552;-105.2427;-0.1848;-0.692386
20200505;5;20.0000;LowOrHighOfLast2Candles;-20;2.0000;0.000300;5.000000;2.500000;120;0.000000;8;19;1;9479.71644000;9479.71644000;16.74000000;182;50;0.27;849.3315;-520.2836;-0.6126;-2.858701
20200505;4;20.0000;LowOrHighOfLast2Candles;-10;2.0000;0.000300;5.000000;2.500000;120;0.000000;8;19;1;9782.03995000;9782.03995000;0.00000000;161;48;0.30;600.4270;-217.9600;-0.3630;-1.353789
20200505;5;20.0000;LowOrHighOfLast2Candles;-10;2.0000;0.000300;5.000000;2.500000;120;0.000000;8;19;1;9598.11235000;9598.11235000;20.00000000;207;58;0.28;716.4440;-401.8876;-0.5609;-1.941486
20200505;4;20.0000;LowOrHighOfLast2Candles;0;2.0000;0.000300;5.000000;2.500000;120;0.000000;8;19;1;9542.19817000;9542.19817000;0.00000000;167;44;0.26;671.9991;-457.8018;-0.6813;-2.741328
20200505;5;20.0000;LowOrHighOfLast2Candles;0;2.0000;0.000300;5.000000;2.500000;120;0.000000;8;19;1;9175.94816000;9175.94816000;23.65000000;203;50;0.25;991.1274;-824.0518;-0.8314;-4.059369
20200505;4;20.0000;LowOrHighOfLast2Candles;10;2.0000;0.000300;5.000000;2.500000;120;0.000000;8;19;1;9433.60355000;9433.60355000;0.00000000;148;35;0.24;611.8760;-566.3965;-0.9257;-3.827003
20200505;5;20.0000;LowOrHighOfLast2Candles;10;2.0000;0.000300;5.000000;2.500000;120;0.000000;8;19;1;9120.55854000;9120.55854000;27.60000000;191;44;0.23;962.5972;-879.4415;-0.9136;-4.604406
20200505;4;20.0000;LowOrHighOfLast2Candles;20;2.0000;0.000300;5.000000;2.500000;120;0.000000;8;19;1;9445.15060000;9445.15060000;0.00000000;131;30;0.23;640.7194;-554.8494;-0.8660;-4.235492
20200505;5;20.0000;LowOrHighOfLast2Candles;20;2.0000;0.000300;5.000000;2.500000;120;0.000000;8;19;1;9239.15153000;9239.15153000;0.00000000;161;35;0.22;814.9285;-760.8485;-0.9336;-4.725767
20200505;4;20.0000;LowOrHighOfLast2Candles;30;2.0000;0.000300;5.000000;2.500000;120;0.000000;8;19;1;9285.09553000;9285.09553000;0.00000000;105;19;0.18;781.8525;-714.9045;-0.9144;-6.808614
20200505;5;20.0000;LowOrHighOfLast2Candles;30;2.0000;0.000300;5.000000;2.500000;120;0.000000;8;19;1;8962.70415000;8962.70415000;0.00000000;138;24;0.17;1078.5835;-1037.2958;-0.9617;-7.516637
20200505;4;20.0000;LowOrHighOfLast2Candles;40;2.0000;0.000300;5.000000;2.500000;120;0.000000;8;19;1;9179.66472000;9179.66472000;0.00000000;97;15;0.15;882.9384;-820.3353;-0.9291;-8.457065
20200505;5;20.0000;LowOrHighOfLast2Candles;40;2.0000;0.000300;5.000000;2.500000;120;0.000000;8;19;1;8860.80485000;8860.80485000;0.00000000;118;17;0.14;1139.1952;-1139.1952;-1.0000;-9.654196
20200505;4;20.0000;LowOrHighOfLast2Candles;50;2.0000;0.000300;5.000000;2.500000;120;0.000000;8;19;1;9197.40014000;9197.40014000;0.00000000;87;13;0.15;815.1299;-802.5999;-0.9846;-9.225286
20200505;5;20.0000;LowOrHighOfLast2Candles;50;2.0000;0.000300;5.000000;2.500000;120;0.000000;8;19;1;8832.83897000;8832.83897000;0.00000000;104;13;0.13;1167.1610;-1167.1610;-1.0000;-11.222702
20200505;4;20.0000;LowOrHighOfLast2Candles;60;2.0000;0.000300;5.000000;2.500000;120;0.000000;8;19;1;9182.59318000;9182.59318000;0.00000000;77;10;0.13;866.2225;-817.4068;-0.9436;-10.615673
20200505;5;20.0000;LowOrHighOfLast2Candles;60;2.0000;0.000300;5.000000;2.500000;120;0.000000;8;19;1;9007.92799000;9007.92799000;0.00000000;90;11;0.12;1009.2820;-992.0720;-0.9829;-11.023022
20200505;4;20.0000;LowOrHighOfLast2Candles;70;2.0000;0.000300;5.000000;2.500000;120;0.000000;8;19;1;9264.46000000;9264.46000000;0.00000000;66;8;0.12;761.5500;-735.5400;-0.9658;-11.144545
20200505;5;20.0000;LowOrHighOfLast2Candles;70;2.0000;0.000300;5.000000;2.500000;120;0.000000;8;19;1;8920.17000000;8920.17000000;0.00000000;76;6;0.08;1079.8300;-1079.8300;-1.0000;-14.208289
20200505;4;20.0000;LowOrHighOfLast2Candles;80;2.0000;0.000300;5.000000;2.500000;120;0.000000;8;19;1;9342.37000000;9342.37000000;0.00000000;53;5;0.09;657.6300;-657.6300;-1.0000;-12.408113
20200505;5;20.0000;LowOrHighOfLast2Candles;80;2.0000;0.000300;5.000000;2.500000;120;0.000000;8;19;1;8974.54000000;8974.54000000;0.00000000;64;3;0.05;1025.4600;-1025.4600;-1.0000;-16.022813
20200505;4;20.0000;LowOrHighOfLast2Candles;90;2.0000;0.000300;5.000000;2.500000;120;0.000000;8;19;1;9413.54000000;9413.54000000;0.00000000;46;4;0.09;588.6800;-586.4600;-0.9962;-12.749130
20200505;5;20.0000;LowOrHighOfLast2Candles;90;2.0000;0.000300;5.000000;2.500000;120;0.000000;8;19;1;9032.35000000;9032.35000000;0.00000000;53;1;0.02;967.6500;-967.6500;-1.0000;-18.257547
20200505;4;20.0000;LowOrHighOfLast2Candles;-30;2.0000;0.000300;5.000000;3.000000;120;0.000000;8;19;1;9781.26828000;9781.26828000;0.00000000;126;36;0.29;638.8452;-218.7317;-0.3424;-1.735966
20200505;5;20.0000;LowOrHighOfLast2Candles;-30;2.0000;0.000300;5.000000;3.000000;120;0.000000;8;19;1;9555.06233000;9555.06233000;15.39000000;156;41;0.26;707.4263;-444.9377;-0.6290;-2.852165
20200505;4;20.0000;LowOrHighOfLast2Candles;-20;2.0000;0.000300;5.000000;3.000000;120;0.000000;8;19;1;9741.33948000;9741.33948000;0.00000000;150;43;0.29;693.6820;-258.6605;-0.3729;-1.724403
20200505;5;20.0000;LowOrHighOfLast2Candles;-20;2.0000;0.000300;5.000000;3.000000;120;0.000000;8;19;1;9451.12977000;9451.12977000;16.74000000;178;46;0.26;846.4286;-548.8702;-0.6485;-3.083541
20200505;4;20.0000;LowOrHighOfLast2Candles;-10;2.0000;0.000300;5.000000;3.000000;120;0.000000;8;19;1;9612.98089000;9612.98089000;0.00000000;160;43;0.27;658.6419;-387.0191;-0.5876;-2.418869
20200505;5;20.0000;LowOrHighOfLast2Candles;-10;2.0000;0.000300;5.000000;3.000000;120;0.000000;8;19;1;9362.79063000;9362.79063000;20.00000000;204;51;0.25;887.8515;-637.2094;-0.7177;-3.123575
20200505;4;20.0000;LowOrHighOfLast2Candles;0;2.0000;0.000300;5.000000;3.000000;120;0.000000;8;19;1;9601.29652000;9601.29652000;0.00000000;161;41;0.25;611.4087;-398.7035;-0.6521;-2.476419
20200505;5;20.0000;LowOrHighOfLast2Candles;0;2.0000;0.000300;5.000000;3.000000;120;0.000000;8;19;1;9187.88303000;9187.88303000;23.65000000;199;47;0.24;1004.9225;-812.1170;-0.8081;-4.080990
20200505;4;20.0000;LowOrHighOfLast2Candles;10;2.0000;0.000300;5.000000;3.000000;120;0.000000;8;19;1;9666.31363000;9666.31363000;0.00000000;144;34;0.24;536.5788;-333.6864;-0.6219;-2.317266
20200505;5;20.0000;LowOrHighOfLast2Candles;10;2.0000;0.000300;5.000000;3.000000;120;0.000000;8;19;1;9236.57858000;9236.57858000;27.60000000;189;42;0.22;862.2371;-763.4214;-0.8854;-4.039267
20200505;4;20.0000;LowOrHighOfLast2Candles;20;2.0000;0.000300;5.000000;3.000000;120;0.000000;8;19;1;9547.69950000;9547.69950000;0.00000000;128;29;0.23;639.7666;-452.3005;-0.7070;-3.533598
20200505;5;20.0000;LowOrHighOfLast2Candles;20;2.0000;0.000300;5.000000;3.000000;120;0.000000;8;19;1;9176.17064000;9176.17064000;0.00000000;159;32;0.20;959.5697;-823.8294;-0.8585;-5.181317
20200505;4;20.0000;LowOrHighOfLast2Candles;30;2.0000;0.000300;5.000000;3.000000;120;0.000000;8;19;1;9420.17553000;9420.17553000;0.00000000;105;19;0.18;676.4425;-579.8245;-0.8572;-5.522138
20200505;5;20.0000;LowOrHighOfLast2Candles;30;2.0000;0.000300;5.000000;3.000000;120;0.000000;8;19;1;9110.98816000;9110.98816000;0.00000000;136;23;0.17;948.8293;-889.0118;-0.9370;-6.536852
20200505;4;20.0000;LowOrHighOfLast2Candles;40;2.0000;0.000300;5.000000;3.000000;120;0.000000;8;19;1;9245.60636000;9245.60636000;0.00000000;96;15;0.16;845.5568;-754.3936;-0.8922;-7.858267
20200505;5;20.0000;LowOrHighOfLast2Candles;40;2.0000;0.000300;5.000000;3.000000;120;0.000000;8;19;1;8867.55054000;8867.55054000;0.00000000;116;15;0.13;1135.9026;-1132.4495;-0.9970;-9.762495
20200505;4;20.0000;LowOrHighOfLast2Candles;50;2.0000;0.000300;5.000000;3.000000;120;0.000000;8;19;1;9103.55160000;9103.55160000;0.00000000;86;11;0.13;928.2891;-896.4484;-0.9657;-10.423819
20200505;5;20.0000;LowOrHighOfLast2Candles;50;2.0000;0.000300;5.000000;3.000000;120;0.000000;8;19;1;8843.17277000;8843.17277000;0.00000000;102;12;0.12;1162.3180;-1156.8272;-0.9953;-11.341443
20200505;4;20.0000;LowOrHighOfLast2Candles;60;2.0000;0.000300;5.000000;3.000000;120;0.000000;8;19;1;9264.23820000;9264.23820000;0.00000000;77;10;0.13;819.8375;-735.7618;-0.8974;-9.555348
20200505;5;20.0000;LowOrHighOfLast2Candles;60;2.0000;0.000300;5.000000;3.000000;120;0.000000;8;19;1;9022.07545000;9022.07545000;0.00000000;90;10;0.11;1005.2146;-977.9246;-0.9729;-10.865828
20200505;4;20.0000;LowOrHighOfLast2Candles;70;2.0000;0.000300;5.000000;3.000000;120;0.000000;8;19;1;9333.09000000;9333.09000000;0.00000000;66;8;0.12;712.3900;-666.9100;-0.9362;-10.104697
20200505;5;20.0000;LowOrHighOfLast2Candles;70;2.0000;0.000300;5.000000;3.000000;120;0.000000;8;19;1;8969.39000000;8969.39000000;0.00000000;76;6;0.08;1030.6100;-1030.6100;-1.0000;-13.560658
20200505;4;20.0000;LowOrHighOfLast2Candles;80;2.0000;0.000300;5.000000;3.000000;120;0.000000;8;19;1;9391.48000000;9391.48000000;0.00000000;53;5;0.09;618.5000;-608.5200;-0.9839;-11.481509
20200505;5;20.0000;LowOrHighOfLast2Candles;80;2.0000;0.000300;5.000000;3.000000;120;0.000000;8;19;1;9004.09000000;9004.09000000;0.00000000;64;3;0.05;995.9100;-995.9100;-1.0000;-15.561094
20200505;4;20.0000;LowOrHighOfLast2Candles;90;2.0000;0.000300;5.000000;3.000000;120;0.000000;8;19;1;9453.72000000;9453.72000000;0.00000000;46;4;0.09;558.5800;-546.2800;-0.9780;-11.875652
20200505;5;20.0000;LowOrHighOfLast2Candles;90;2.0000;0.000300;5.000000;3.000000;120;0.000000;8;19;1;9042.47000000;9042.47000000;0.00000000;53;1;0.02;957.5300;-957.5300;-1.0000;-18.066604
20200505;4;20.0000;LowOrHighOfLast2Candles;-30;2.0000;0.000300;5.000000;3.500000;120;0.000000;8;19;1;9732.11167000;9732.11167000;0.00000000;125;34;0.27;684.8467;-267.8883;-0.3912;-2.143107
20200505;5;20.0000;LowOrHighOfLast2Candles;-30;2.0000;0.000300;5.000000;3.500000;120;0.000000;8;19;1;9592.15746000;9592.15746000;15.39000000;153;39;0.25;725.8451;-407.8425;-0.5619;-2.665638
20200505;4;20.0000;LowOrHighOfLast2Candles;-20;2.0000;0.000300;5.000000;3.500000;120;0.000000;8;19;1;9443.24658000;9443.24658000;0.00000000;148;37;0.25;926.4279;-556.7534;-0.6010;-3.761847
20200505;5;20.0000;LowOrHighOfLast2Candles;-20;2.0000;0.000300;5.000000;3.500000;120;0.000000;8;19;1;9403.74004000;9403.74004000;16.74000000;174;41;0.24;928.6665;-596.2600;-0.6421;-3.426781
20200505;4;20.0000;LowOrHighOfLast2Candles;-10;2.0000;0.000300;5.000000;3.500000;120;0.000000;8;19;1;9565.67991000;9565.67991000;0.00000000;159;41;0.26;740.2727;-434.3201;-0.5867;-2.731573
20200505;5;20.0000;LowOrHighOfLast2Candles;-10;2.0000;0.000300;5.000000;3.500000;120;0.000000;8;19;1;9350.32709000;9350.32709000;20.00000000;198;46;0.23;994.0833;-649.6729;-0.6535;-3.281176
20200505;4;20.0000;LowOrHighOfLast2Candles;0;2.0000;0.000300;5.000000;3.500000;120;0.000000;8;19;1;9487.08656000;9487.08656000;0.00000000;160;38;0.24;674.3010;-512.9134;-0.7607;-3.205709
20200505;5;20.0000;LowOrHighOfLast2Candles;0;2.0000;0.000300;5.000000;3.500000;120;0.000000;8;19;1;9316.91154000;9316.91154000;23.65000000;197;46;0.23;904.7540;-683.0885;-0.7550;-3.467454
20200505;4;20.0000;LowOrHighOfLast2Candles;10;2.0000;0.000300;5.000000;3.500000;120;0.000000;8;19;1;9598.87024000;9598.87024000;0.00000000;143;32;0.22;596.0228;-401.1298;-0.6730;-2.805103
20200505;5;20.0000;LowOrHighOfLast2Candles;10;2.0000;0.000300;5.000000;3.500000;120;0.000000;8;19;1;9324.44485000;9324.44485000;27.60000000;186;41;0.22;786.5309;-675.5552;-0.8589;-3.632017
20200505;4;20.0000;LowOrHighOfLast2Candles;20;2.0000;0.000300;5.000000;3.500000;120;0.000000;8;19;1;9655.38721000;9655.38721000;0.00000000;124;29;0.23;631.3064;-344.6128;-0.5459;-2.779135
20200505;5;20.0000;LowOrHighOfLast2Candles;20;2.0000;0.000300;5.000000;3.500000;120;0.000000;8;19;1;9177.42903000;9177.42903000;0.00000000;156;30;0.19;940.4946;-822.5710;-0.8746;-5.272891
20200505;4;20.0000;LowOrHighOfLast2Candles;30;2.0000;0.000300;5.000000;3.500000;120;0.000000;8;19;1;9397.04503000;9397.04503000;0.00000000;105;18;0.17;637.8730;-602.9550;-0.9453;-5.742428
20200505;5;20.0000;LowOrHighOfLast2Candles;30;2.0000;0.000300;5.000000;3.500000;120;0.000000;8;19;1;8863.54802000;8863.54802000;0.00000000;136;19;0.14;1143.4814;-1136.4520;-0.9939;-8.356265
20200505;4;20.0000;LowOrHighOfLast2Candles;40;2.0000;0.000300;5.000000;3.500000;120;0.000000;8;19;1;9334.25636000;9334.25636000;0.00000000;96;15;0.16;785.6668;-665.7436;-0.8474;-6.934830
20200505;5;20.0000;LowOrHighOfLast2Candles;40;2.0000;0.000300;5.000000;3.500000;120;0.000000;8;19;1;8978.30054000;8978.30054000;0.00000000;116;15;0.13;1034.8126;-1021.6995;-0.9873;-8.807754
20200505;4;20.0000;LowOrHighOfLast2Candles;50;2.0000;0.000300;5.000000;3.500000;120;0.000000;8;19;1;9114.04284000;9114.04284000;0.00000000;86;11;0.13;945.0556;-885.9572;-0.9375;-10.301827
20200505;5;20.0000;LowOrHighOfLast2Candles;50;2.0000;0.000300;5.000000;3.500000;120;0.000000;8;19;1;8782.47327000;8782.47327000;0.00000000;100;10;0.10;1232.6174;-1217.5267;-0.9878;-12.175267
20200505;4;20.0000;LowOrHighOfLast2Candles;60;2.0000;0.000300;5.000000;3.500000;120;0.000000;8;19;1;9250.42426000;9250.42426000;0.00000000;77;9;0.12;862.7223;-749.5757;-0.8688;-9.734750
20200505;5;20.0000;LowOrHighOfLast2Candles;60;2.0000;0.000300;5.000000;3.500000;120;0.000000;8;19;1;9109.08589000;9109.08589000;0.00000000;90;10;0.11;927.7950;-890.9141;-0.9602;-9.899046
20200505;4;20.0000;LowOrHighOfLast2Candles;70;2.0000;0.000300;5.000000;3.500000;120;0.000000;8;19;1;9401.48000000;9401.48000000;0.00000000;66;8;0.12;663.7800;-598.5200;-0.9017;-9.068485
20200505;5;20.0000;LowOrHighOfLast2Candles;70;2.0000;0.000300;5.000000;3.500000;120;0.000000;8;19;1;8922.54000000;8922.54000000;0.00000000;76;5;0.07;1077.4600;-1077.4600;-1.0000;-14.177105
20200505;4;20.0000;LowOrHighOfLast2Candles;80;2.0000;0.000300;5.000000;3.500000;120;0.000000;8;19;1;9440.84000000;9440.84000000;0.00000000;53;5;0.09;579.0200;-559.1600;-0.9657;-10.550189
20200505;5;20.0000;LowOrHighOfLast2Candles;80;2.0000;0.000300;5.000000;3.500000;120;0.000000;8;19;1;9033.64000000;9033.64000000;0.00000000;64;3;0.05;966.3600;-966.3600;-1.0000;-15.099375
20200505;4;20.0000;LowOrHighOfLast2Candles;90;2.0000;0.000300;5.000000;3.500000;120;0.000000;8;19;1;9492.54000000;9492.54000000;0.00000000;46;4;0.09;529.3600;-507.4600;-0.9586;-11.031739
20200505;5;20.0000;LowOrHighOfLast2Candles;90;2.0000;0.000300;5.000000;3.500000;120;0.000000;8;19;1;9052.13000000;9052.13000000;0.00000000;53;1;0.02;947.8700;-947.8700;-1.0000;-17.884340
20200505;4;20.0000;LowOrHighOfLast2Candles;-30;2.0000;0.000300;5.000000;4.000000;120;0.000000;8;19;1;9704.95915000;9704.95915000;0.00000000;124;33;0.27;694.3266;-295.0409;-0.4249;-2.379362
20200505;5;20.0000;LowOrHighOfLast2Candles;-30;2.0000;0.000300;5.000000;4.000000;120;0.000000;8;19;1;9607.76302000;9607.76302000;15.39000000;151;38;0.25;709.9388;-392.2370;-0.5525;-2.597596
20200505;4;20.0000;LowOrHighOfLast2Candles;-20;2.0000;0.000300;5.000000;4.000000;120;0.000000;8;19;1;9414.76063000;9414.76063000;0.00000000;146;36;0.25;917.1549;-585.2394;-0.6381;-4.008489
20200505;5;20.0000;LowOrHighOfLast2Candles;-20;2.0000;0.000300;5.000000;4.000000;120;0.000000;8;19;1;9419.14820000;9419.14820000;16.74000000;170;40;0.24;918.5374;-580.8518;-0.6324;-3.416775
20200505;4;20.0000;LowOrHighOfLast2Candles;-10;2.0000;0.000300;5.000000;4.000000;120;0.000000;8;19;1;9354.75083000;9354.75083000;0.00000000;155;37;0.24;830.1459;-645.2492;-0.7773;-4.162898
20200505;5;20.0000;LowOrHighOfLast2Candles;-10;2.0000;0.000300;5.000000;4.000000;120;0.000000;8;19;1;9182.85572000;9182.85572000;20.00000000;194;42;0.22;1048.2617;-817.1443;-0.7795;-4.212084
20200505;4;20.0000;LowOrHighOfLast2Candles;0;2.0000;0.000300;5.000000;4.000000;120;0.000000;8;19;1;9358.13663000;9358.13663000;0.00000000;160;36;0.23;813.9013;-641.8634;-0.7886;-4.011646
20200505;5;20.0000;LowOrHighOfLast2Candles;0;2.0000;0.000300;5.000000;4.000000;120;0.000000;8;19;1;9167.91385000;9167.91385000;23.65000000;194;42;0.22;1053.9170;-832.0862;-0.7895;-4.289104
20200505;4;20.0000;LowOrHighOfLast2Candles;10;2.0000;0.000300;5.000000;4.000000;120;0.000000;8;19;1;9464.12896000;9464.12896000;0.00000000;142;30;0.21;624.7060;-535.8710;-0.8578;-3.773740
20200505;5;20.0000;LowOrHighOfLast2Candles;10;2.0000;0.000300;5.000000;4.000000;120;0.000000;8;19;1;9344.08574000;9344.08574000;27.60000000;185;40;0.22;786.0400;-655.9143;-0.8345;-3.545482
20200505;4;20.0000;LowOrHighOfLast2Candles;20;2.0000;0.000300;5.000000;4.000000;120;0.000000;8;19;1;9620.97769000;9620.97769000;0.00000000;124;28;0.23;642.3482;-379.0223;-0.5901;-3.056632
20200505;5;20.0000;LowOrHighOfLast2Candles;20;2.0000;0.000300;5.000000;4.000000;120;0.000000;8;19;1;9301.79281000;9301.79281000;0.00000000;154;30;0.19;825.3609;-698.2072;-0.8459;-4.533813
20200505;4;20.0000;LowOrHighOfLast2Candles;30;2.0000;0.000300;5.000000;4.000000;120;0.000000;8;19;1;9478.66662000;9478.66662000;0.00000000;104;18;0.17;589.0317;-521.3334;-0.8851;-5.012821
20200505;5;20.0000;LowOrHighOfLast2Candles;30;2.0000;0.000300;5.000000;4.000000;120;0.000000;8;19;1;8953.74636000;8953.74636000;0.00000000;135;19;0.14;1062.4830;-1046.2536;-0.9847;-7.750027
20200505;4;20.0000;LowOrHighOfLast2Candles;40;2.0000;0.000300;5.000000;4.000000;120;0.000000;8;19;1;9243.12178000;9243.12178000;0.00000000;96;14;0.15;810.1512;-756.8782;-0.9342;-7.884148
20200505;5;20.0000;LowOrHighOfLast2Candles;40;2.0000;0.000300;5.000000;4.000000;120;0.000000;8;19;1;8632.40415000;8632.40415000;0.00000000;115;11;0.10;1367.5958;-1367.5958;-1.0000;-11.892138
20200505;4;20.0000;LowOrHighOfLast2Candles;50;2.0000;0.000300;5.000000;4.000000;120;0.000000;8;19;1;9182.40284000;9182.40284000;0.00000000;86;11;0.13;906.0556;-817.5972;-0.9024;-9.506944
20200505;5;20.0000;LowOrHighOfLast2Candles;50;2.0000;0.000300;5.000000;4.000000;120;0.000000;8;19;1;8850.18327000;8850.18327000;0.00000000;100;10;0.10;1174.5075;-1149.8167;-0.9790;-11.498167
20200505;4;20.0000;LowOrHighOfLast2Candles;60;2.0000;0.000300;5.000000;4.000000;120;0.000000;8;19;1;9170.34938000;9170.34938000;0.00000000;77;9;0.12;971.8172;-829.6506;-0.8537;-10.774683
20200505;5;20.0000;LowOrHighOfLast2Candles;60;2.0000;0.000300;5.000000;4.000000;120;0.000000;8;19;1;8931.76577000;8931.76577000;0.00000000;89;8;0.09;1114.9151;-1068.2342;-0.9581;-12.002632
20200505;4;20.0000;LowOrHighOfLast2Candles;70;2.0000;0.000300;5.000000;4.000000;120;0.000000;8;19;1;9458.10084000;9458.10084000;0.00000000;66;8;0.12;625.3492;-541.8992;-0.8666;-8.210593
20200505;5;20.0000;LowOrHighOfLast2Candles;70;2.0000;0.000300;5.000000;4.000000;120;0.000000;8;19;1;8960.43338000;8960.43338000;0.00000000;76;5;0.07;1039.5666;-1039.5666;-1.0000;-13.678508
20200505;4;20.0000;LowOrHighOfLast2Candles;80;2.0000;0.000300;5.000000;4.000000;120;0.000000;8;19;1;9489.57000000;9489.57000000;0.00000000;53;5;0.09;540.1700;-510.4300;-0.9449;-9.630755
20200505;5;20.0000;LowOrHighOfLast2Candles;80;2.0000;0.000300;5.000000;4.000000;120;0.000000;8;19;1;9063.19000000;9063.19000000;0.00000000;64;3;0.05;936.8100;-936.8100;-1.0000;-14.637656
20200505;4;20.0000;LowOrHighOfLast2Candles;90;2.0000;0.000300;5.000000;4.000000;120;0.000000;8;19;1;9533.17000000;9533.17000000;0.00000000;46;4;0.09;498.8100;-466.8300;-0.9359;-10.148478
20200505;5;20.0000;LowOrHighOfLast2Candles;90;2.0000;0.000300;5.000000;4.000000;120;0.000000;8;19;1;9062.25000000;9062.25000000;0.00000000;53;1;0.02;937.7500;-937.7500;-1.0000;-17.693396
