I_MagicNumber;I_ATRPeriod;I_AtRisk;I_StoplossMethod;I_ReversionPercent;I_StoplossATRMultiplier;I_TypicalSpread;I_MaxLotSize;I_RiskRewardRatio;I_LimitStopOrderExpiryMins;I_HiddenStoplossOffset;I_TradingStartHour;I_TradingEndHour;I_LogResultsInFile;End_Account_Balance;End_Account_Equity;Total P&L;NoTrades;NoWinTrades;WinRatio;MaxDrawdown;TotalTradeProfit;P&L_DD_Ratio;P&L_NoTrades_Ratio
20200505;4;20.0000;LowOrHighOfLast2Candles;-30;2.0000;0.000300;5.000000;1.500000;60;0.000000;8;19;1;10173.36945000;10173.36945000;0.00000000;114;47;0.41;147.7243;173.3695;1.1736;1.520785
20200505;5;20.0000;LowOrHighOfLast2Candles;-30;2.0000;0.000300;5.000000;1.500000;60;0.000000;8;19;1;9929.96620000;9929.96620000;0.00000000;143;54;0.38;329.2097;-70.0338;-0.2127;-0.489747
20200505;4;20.0000;LowOrHighOfLast2Candles;-20;2.0000;0.000300;5.000000;1.500000;60;0.000000;8;19;1;9969.69686000;9969.69686000;0.00000000;142;56;0.39;244.5278;-30.3031;-0.1239;-0.213402
20200505;5;20.0000;LowOrHighOfLast2Candles;-20;2.0000;0.000300;5.000000;1.500000;60;0.000000;8;19;1;9807.19119000;9807.19119000;0.00000000;176;64;0.36;473.6639;-192.8088;-0.4071;-1.095505
20200505;4;20.0000;LowOrHighOfLast2Candles;-10;2.0000;0.000300;5.000000;1.500000;60;0.000000;8;19;1;9651.40169000;9651.40169000;0.00000000;153;52;0.34;444.1352;-348.5983;-0.7849;-2.278420
20200505;5;20.0000;LowOrHighOfLast2Candles;-10;2.0000;0.000300;5.000000;1.500000;60;0.000000;8;19;1;9521.18102000;9521.18102000;0.00000000;191;62;0.32;574.7991;-478.8190;-0.8330;-2.506906
20200505;4;20.0000;LowOrHighOfLast2Candles;0;2.0000;0.000300;5.000000;1.500000;60;0.000000;8;19;1;9265.59532000;9265.59532000;0.00000000;161;47;0.29;798.8859;-734.4047;-0.9193;-4.561520
20200505;5;20.0000;LowOrHighOfLast2Candles;0;2.0000;0.000300;5.000000;1.500000;60;0.000000;8;19;1;9357.39842000;9357.39842000;0.00000000;195;62;0.32;739.3636;-642.6016;-0.8691;-3.295393
20200505;4;20.0000;LowOrHighOfLast2Candles;10;2.0000;0.000300;5.000000;1.500000;60;0.000000;8;19;1;9451.90824000;9451.90824000;0.00000000;136;41;0.30;622.3330;-548.0918;-0.8807;-4.030086
20200505;5;20.0000;LowOrHighOfLast2Candles;10;2.0000;0.000300;5.000000;1.500000;60;0.000000;8;19;1;9512.85263000;9512.85263000;0.00000000;176;58;0.33;510.0403;-487.1474;-0.9551;-2.767883
20200505;4;20.0000;LowOrHighOfLast2Candles;20;2.0000;0.000300;5.000000;1.500000;60;0.000000;8;19;1;9565.09922000;9565.09922000;0.00000000;107;32;0.30;479.4262;-434.9008;-0.9071;-4.064493
20200505;5;20.0000;LowOrHighOfLast2Candles;20;2.0000;0.000300;5.000000;1.500000;60;0.000000;8;19;1;9583.08184000;9583.08184000;0.00000000;137;44;0.32;441.4138;-416.9182;-0.9445;-3.043198
20200505;4;20.0000;LowOrHighOfLast2Candles;30;2.0000;0.000300;5.000000;1.500000;60;0.000000;8;19;1;9588.69442000;9588.69442000;0.00000000;73;19;0.26;476.7435;-411.3056;-0.8627;-5.634323
20200505;5;20.0000;LowOrHighOfLast2Candles;30;2.0000;0.000300;5.000000;1.500000;60;0.000000;8;19;1;9458.43239000;9458.43239000;0.00000000;103;28;0.27;573.4056;-541.5676;-0.9445;-5.257938
20200505;4;20.0000;LowOrHighOfLast2Candles;40;2.0000;0.000300;5.000000;1.500000;60;0.000000;8;19;1;9499.44705000;9499.44705000;0.00000000;56;11;0.20;580.0460;-500.5530;-0.8630;-8.938446
20200505;5;20.0000;LowOrHighOfLast2Candles;40;2.0000;0.000300;5.000000;1.500000;60;0.000000;8;19;1;9601.33646000;9601.33646000;0.00000000;77;21;0.27;439.7261;-398.6635;-0.9066;-5.177449
20200505;4;20.0000;LowOrHighOfLast2Candles;50;2.0000;0.000300;5.000000;1.500000;60;0.000000;8;19;1;9490.75164000;9490.75164000;0.00000000;40;5;0.13;509.2484;-509.2484;-1.0000;-12.731209
20200505;5;20.0000;LowOrHighOfLast2Candles;50;2.0000;0.000300;5.000000;1.500000;60;0.000000;8;19;1;9439.81940000;9439.81940000;0.00000000;51;8;0.16;560.1806;-560.1806;-1.0000;-10.983933
20200505;4;20.0000;LowOrHighOfLast2Candles;60;2.0000;0.000300;5.000000;1.500000;60;0.000000;8;19;1;9653.16358000;9653.16358000;0.00000000;32;5;0.16;346.8364;-346.8364;-1.0000;-10.838638
20200505;5;20.0000;LowOrHighOfLast2Candles;60;2.0000;0.000300;5.000000;1.500000;60;0.000000;8;19;1;9647.17358000;9647.17358000;0.00000000;38;7;0.18;352.8264;-352.8264;-1.0000;-9.284906
20200505;4;20.0000;LowOrHighOfLast2Candles;70;2.0000;0.000300;5.000000;1.500000;60;0.000000;8;19;1;9753.11000000;9753.11000000;0.00000000;24;4;0.17;246.8900;-246.8900;-1.0000;-10.287083
20200505;5;20.0000;LowOrHighOfLast2Candles;70;2.0000;0.000300;5.000000;1.500000;60;0.000000;8;19;1;9716.09000000;9716.09000000;0.00000000;26;4;0.15;283.9100;-283.9100;-1.0000;-10.919615
20200505;4;20.0000;LowOrHighOfLast2Candles;80;2.0000;0.000300;5.000000;1.500000;60;0.000000;8;19;1;9743.64000000;9743.64000000;0.00000000;19;2;0.11;256.3600;-256.3600;-1.0000;-13.492632
20200505;5;20.0000;LowOrHighOfLast2Candles;80;2.0000;0.000300;5.000000;1.500000;60;0.000000;8;19;1;9721.23000000;9721.23000000;0.00000000;23;3;0.13;278.7700;-278.7700;-1.0000;-12.120435
20200505;4;20.0000;LowOrHighOfLast2Candles;90;2.0000;0.000300;5.000000;1.500000;60;0.000000;8;19;1;9744.48000000;9744.48000000;0.00000000;16;1;0.06;255.5200;-255.5200;-1.0000;-15.970000
20200505;5;20.0000;LowOrHighOfLast2Candles;90;2.0000;0.000300;5.000000;1.500000;60;0.000000;8;19;1;9724.73000000;9724.73000000;0.00000000;17;1;0.06;275.2700;-275.2700;-1.0000;-16.192353
20200505;4;20.0000;LowOrHighOfLast2Candles;-30;2.0000;0.000300;5.000000;2.000000;60;0.000000;8;19;1;10083.67501000;10083.67501000;0.00000000;109;38;0.35;161.6888;83.6750;0.5175;0.767661
20200505;5;20.0000;LowOrHighOfLast2Candles;-30;2.0000;0.000300;5.000000;2.000000;60;0.000000;8;19;1;9900.62251000;9900.62251000;0.00000000;139;46;0.33;446.3394;-99.3775;-0.2227;-0.714946
20200505;4;20.0000;LowOrHighOfLast2Candles;-20;2.0000;0.000300;5.000000;2.000000;60;0.000000;8;19;1;9923.65004000;9923.65004000;0.00000000;138;48;0.35;268.5574;-76.3500;-0.2843;-0.553261
20200505;5;20.0000;LowOrHighOfLast2Candles;-20;2.0000;0.000300;5.000000;2.000000;60;0.000000;8;19;1;9648.79162000;9648.79162000;0.00000000;174;53;0.30;629.3174;-351.2084;-0.5581;-2.018439
20200505;4;20.0000;LowOrHighOfLast2Candles;-10;2.0000;0.000300;5.000000;2.000000;60;0.000000;8;19;1;9811.94522000;9811.94522000;0.00000000;152;49;0.32;318.9489;-188.0548;-0.5896;-1.237203
20200505;5;20.0000;LowOrHighOfLast2Candles;-10;2.0000;0.000300;5.000000;2.000000;60;0.000000;8;19;1;9701.00378000;9701.00378000;0.00000000;189;57;0.30;480.7066;-298.9962;-0.6220;-1.581991
20200505;4;20.0000;LowOrHighOfLast2Candles;0;2.0000;0.000300;5.000000;2.000000;60;0.000000;8;19;1;9577.23532000;9577.23532000;0.00000000;160;47;0.29;559.7859;-422.7647;-0.7552;-2.642279
20200505;5;20.0000;LowOrHighOfLast2Candles;0;2.0000;0.000300;5.000000;2.000000;60;0.000000;8;19;1;9753.47748000;9753.47748000;0.00000000;191;60;0.31;509.9546;-246.5225;-0.4834;-1.290694
20200505;4;20.0000;LowOrHighOfLast2Candles;10;2.0000;0.000300;5.000000;2.000000;60;0.000000;8;19;1;9724.88029000;9724.88029000;0.00000000;132;39;0.30;425.2609;-275.1197;-0.6469;-2.084240
20200505;5;20.0000;LowOrHighOfLast2Candles;10;2.0000;0.000300;5.000000;2.000000;60;0.000000;8;19;1;9652.06018000;9652.06018000;0.00000000;167;50;0.30;495.0562;-347.9398;-0.7028;-2.083472
20200505;4;20.0000;LowOrHighOfLast2Candles;20;2.0000;0.000300;5.000000;2.000000;60;0.000000;8;19;1;9582.98639000;9582.98639000;0.00000000;104;27;0.26;503.1118;-417.0136;-0.8289;-4.009746
20200505;5;20.0000;LowOrHighOfLast2Candles;20;2.0000;0.000300;5.000000;2.000000;60;0.000000;8;19;1;9650.11161000;9650.11161000;0.00000000;129;37;0.29;453.0509;-349.8884;-0.7723;-2.712313
20200505;4;20.0000;LowOrHighOfLast2Candles;30;2.0000;0.000300;5.000000;2.000000;60;0.000000;8;19;1;9663.28506000;9663.28506000;0.00000000;73;17;0.23;421.2029;-336.7149;-0.7994;-4.612533
20200505;5;20.0000;LowOrHighOfLast2Candles;30;2.0000;0.000300;5.000000;2.000000;60;0.000000;8;19;1;9596.45982000;9596.45982000;0.00000000;101;26;0.26;444.8281;-403.5402;-0.9072;-3.995447
20200505;4;20.0000;LowOrHighOfLast2Candles;40;2.0000;0.000300;5.000000;2.000000;60;0.000000;8;19;1;9605.61645000;9605.61645000;0.00000000;56;11;0.20;502.7666;-394.3836;-0.7844;-7.042563
20200505;5;20.0000;LowOrHighOfLast2Candles;40;2.0000;0.000300;5.000000;2.000000;60;0.000000;8;19;1;9729.41362000;9729.41362000;0.00000000;77;20;0.26;397.6667;-270.5864;-0.6804;-3.514109
20200505;4;20.0000;LowOrHighOfLast2Candles;50;2.0000;0.000300;5.000000;2.000000;60;0.000000;8;19;1;9540.12164000;9540.12164000;0.00000000;40;5;0.13;459.8784;-459.8784;-1.0000;-11.496959
20200505;5;20.0000;LowOrHighOfLast2Candles;50;2.0000;0.000300;5.000000;2.000000;60;0.000000;8;19;1;9518.20940000;9518.20940000;0.00000000;51;8;0.16;481.7906;-481.7906;-1.0000;-9.446875
20200505;4;20.0000;LowOrHighOfLast2Candles;60;2.0000;0.000300;5.000000;2.000000;60;0.000000;8;19;1;9633.59358000;9633.59358000;0.00000000;32;4;0.13;366.4064;-366.4064;-1.0000;-11.450201
20200505;5;20.0000;LowOrHighOfLast2Candles;60;2.0000;0.000300;5.000000;2.000000;60;0.000000;8;19;1;9647.39358000;9647.39358000;0.00000000;38;6;0.16;352.6064;-352.6064;-1.0000;-9.279116
20200505;4;20.0000;LowOrHighOfLast2Candles;70;2.0000;0.000300;5.000000;2.000000;60;0.000000;8;19;1;9658.71000000;9658.71000000;0.00000000;24;2;0.08;341.2900;-341.2900;-1.0000;-14.220417
20200505;5;20.0000;LowOrHighOfLast2Candles;70;2.0000;0.000300;5.000000;2.000000;60;0.000000;8;19;1;9621.69000000;9621.69000000;0.00000000;26;2;0.08;378.3100;-378.3100;-1.0000;-14.550385
20200505;4;20.0000;LowOrHighOfLast2Candles;80;2.0000;0.000300;5.000000;2.000000;60;0.000000;8;19;1;9763.10000000;9763.10000000;0.00000000;19;2;0.11;236.9000;-236.9000;-1.0000;-12.468421
20200505;5;20.0000;LowOrHighOfLast2Candles;80;2.0000;0.000300;5.000000;2.000000;60;0.000000;8;19;1;9683.93000000;9683.93000000;0.00000000;23;2;0.09;316.0700;-316.0700;-1.0000;-13.742174
20200505;4;20.0000;LowOrHighOfLast2Candles;90;2.0000;0.000300;5.000000;2.000000;60;0.000000;8;19;1;9754.60000000;9754.60000000;0.00000000;16;1;0.06;245.4000;-245.4000;-1.0000;-15.337500
20200505;5;20.0000;LowOrHighOfLast2Candles;90;2.0000;0.000300;5.000000;2.000000;60;0.000000;8;19;1;9734.85000000;9734.85000000;0.00000000;17;1;0.06;265.1500;-265.1500;-1.0000;-15.597059
20200505;4;20.0000;LowOrHighOfLast2Candles;-30;2.0000;0.000300;5.000000;2.500000;60;0.000000;8;19;1;10114.14138000;10114.14138000;0.00000000;109;35;0.32;211.0606;114.1414;0.5408;1.047169
20200505;5;20.0000;LowOrHighOfLast2Candles;-30;2.0000;0.000300;5.000000;2.500000;60;0.000000;8;19;1;9697.83773000;9697.83773000;0.00000000;136;38;0.28;428.8798;-302.1623;-0.7045;-2.221781
20200505;4;20.0000;LowOrHighOfLast2Candles;-20;2.0000;0.000300;5.000000;2.500000;60;0.000000;8;19;1;9966.45129000;9966.45129000;0.00000000;135;43;0.32;288.7076;-33.5487;-0.1162;-0.248509
20200505;5;20.0000;LowOrHighOfLast2Candles;-20;2.0000;0.000300;5.000000;2.500000;60;0.000000;8;19;1;9409.18558000;9409.18558000;0.00000000;168;43;0.26;717.8573;-590.8144;-0.8230;-3.516753
20200505;4;20.0000;LowOrHighOfLast2Candles;-10;2.0000;0.000300;5.000000;2.500000;60;0.000000;8;19;1;9742.63335000;9742.63335000;0.00000000;146;43;0.29;406.4496;-257.3667;-0.6332;-1.762785
20200505;5;20.0000;LowOrHighOfLast2Candles;-10;2.0000;0.000300;5.000000;2.500000;60;0.000000;8;19;1;9666.76353000;9666.76353000;0.00000000;185;52;0.28;555.4686;-333.2365;-0.5999;-1.801278
20200505;4;20.0000;LowOrHighOfLast2Candles;0;2.0000;0.000300;5.000000;2.500000;60;0.000000;8;19;1;9468.88688000;9468.88688000;0.00000000;158;41;0.26;637.8099;-531.1131;-0.8327;-3.361475
20200505;5;20.0000;LowOrHighOfLast2Candles;0;2.0000;0.000300;5.000000;2.500000;60;0.000000;8;19;1;9431.11062000;9431.11062000;0.00000000;188;49;0.26;815.7433;-568.8894;-0.6974;-3.026007
20200505;4;20.0000;LowOrHighOfLast2Candles;10;2.0000;0.000300;5.000000;2.500000;60;0.000000;8;19;1;9882.06407000;9882.06407000;0.00000000;132;37;0.28;355.2171;-117.9359;-0.3320;-0.893454
20200505;5;20.0000;LowOrHighOfLast2Candles;10;2.0000;0.000300;5.000000;2.500000;60;0.000000;8;19;1;9740.06721000;9740.06721000;0.00000000;164;45;0.27;551.7891;-259.9328;-0.4711;-1.584956
20200505;4;20.0000;LowOrHighOfLast2Candles;20;2.0000;0.000300;5.000000;2.500000;60;0.000000;8;19;1;9768.48639000;9768.48639000;0.00000000;104;27;0.26;391.9748;-231.5136;-0.5906;-2.226092
20200505;5;20.0000;LowOrHighOfLast2Candles;20;2.0000;0.000300;5.000000;2.500000;60;0.000000;8;19;1;9761.25064000;9761.25064000;0.00000000;126;34;0.27;447.9921;-238.7494;-0.5329;-1.894836
20200505;4;20.0000;LowOrHighOfLast2Candles;30;2.0000;0.000300;5.000000;2.500000;60;0.000000;8;19;1;9747.88461000;9747.88461000;0.00000000;71;16;0.23;367.9407;-252.1154;-0.6852;-3.550921
20200505;5;20.0000;LowOrHighOfLast2Candles;30;2.0000;0.000300;5.000000;2.500000;60;0.000000;8;19;1;9673.69411000;9673.69411000;0.00000000;98;24;0.24;427.6739;-326.3059;-0.7630;-3.329652
20200505;4;20.0000;LowOrHighOfLast2Candles;40;2.0000;0.000300;5.000000;2.500000;60;0.000000;8;19;1;9488.07042000;9488.07042000;0.00000000;55;8;0.15;649.0826;-511.9296;-0.7887;-9.307811
20200505;5;20.0000;LowOrHighOfLast2Candles;40;2.0000;0.000300;5.000000;2.500000;60;0.000000;8;19;1;9678.43759000;9678.43759000;0.00000000;75;17;0.23;534.7659;-321.5624;-0.6013;-4.287499
20200505;4;20.0000;LowOrHighOfLast2Candles;50;2.0000;0.000300;5.000000;2.500000;60;0.000000;8;19;1;9588.93164000;9588.93164000;0.00000000;40;5;0.13;420.2084;-411.0684;-0.9782;-10.276709
20200505;5;20.0000;LowOrHighOfLast2Candles;50;2.0000;0.000300;5.000000;2.500000;60;0.000000;8;19;1;9523.69940000;9523.69940000;0.00000000;51;7;0.14;476.3006;-476.3006;-1.0000;-9.339227
20200505;4;20.0000;LowOrHighOfLast2Candles;60;2.0000;0.000300;5.000000;2.500000;60;0.000000;8;19;1;9673.00358000;9673.00358000;0.00000000;32;4;0.13;326.9964;-326.9964;-1.0000;-10.218638
20200505;5;20.0000;LowOrHighOfLast2Candles;60;2.0000;0.000300;5.000000;2.500000;60;0.000000;8;19;1;9706.59358000;9706.59358000;0.00000000;38;6;0.16;319.1600;-293.4064;-0.9193;-7.721222
20200505;4;20.0000;LowOrHighOfLast2Candles;70;2.0000;0.000300;5.000000;2.500000;60;0.000000;8;19;1;9678.03000000;9678.03000000;0.00000000;24;2;0.08;321.9700;-321.9700;-1.0000;-13.415417
20200505;5;20.0000;LowOrHighOfLast2Candles;70;2.0000;0.000300;5.000000;2.500000;60;0.000000;8;19;1;9641.01000000;9641.01000000;0.00000000;26;2;0.08;358.9900;-358.9900;-1.0000;-13.807308
20200505;4;20.0000;LowOrHighOfLast2Candles;80;2.0000;0.000300;5.000000;2.500000;60;0.000000;8;19;1;9782.98000000;9782.98000000;0.00000000;19;2;0.11;218.2300;-217.0200;-0.9945;-11.422105
20200505;5;20.0000;LowOrHighOfLast2Candles;80;2.0000;0.000300;5.000000;2.500000;60;0.000000;8;19;1;9703.81000000;9703.81000000;0.00000000;23;2;0.09;296.1900;-296.1900;-1.0000;-12.877826
20200505;4;20.0000;LowOrHighOfLast2Candles;90;2.0000;0.000300;5.000000;2.500000;60;0.000000;8;19;1;9764.26000000;9764.26000000;0.00000000;16;1;0.06;237.1400;-235.7400;-0.9941;-14.733750
20200505;5;20.0000;LowOrHighOfLast2Candles;90;2.0000;0.000300;5.000000;2.500000;60;0.000000;8;19;1;9744.51000000;9744.51000000;0.00000000;17;1;0.06;256.8900;-255.4900;-0.9946;-15.028824
20200505;4;20.0000;LowOrHighOfLast2Candles;-30;2.0000;0.000300;5.000000;3.000000;60;0.000000;8;19;1;10131.66966000;10131.66966000;0.00000000;108;33;0.31;303.1427;131.6697;0.4343;1.219164
20200505;5;20.0000;LowOrHighOfLast2Candles;-30;2.0000;0.000300;5.000000;3.000000;60;0.000000;8;19;1;9509.56925000;9509.56925000;0.00000000;134;32;0.24;534.5056;-490.4307;-0.9175;-3.659931
20200505;4;20.0000;LowOrHighOfLast2Candles;-20;2.0000;0.000300;5.000000;3.000000;60;0.000000;8;19;1;10009.14619000;10009.14619000;0.00000000;133;40;0.30;296.0330;9.1462;0.0309;0.068768
20200505;5;20.0000;LowOrHighOfLast2Candles;-20;2.0000;0.000300;5.000000;3.000000;60;0.000000;8;19;1;9376.39107000;9376.39107000;0.00000000;164;39;0.24;660.1608;-623.6089;-0.9446;-3.802493
20200505;4;20.0000;LowOrHighOfLast2Candles;-10;2.0000;0.000300;5.000000;3.000000;60;0.000000;8;19;1;9781.95053000;9781.95053000;0.00000000;146;41;0.28;394.1222;-218.0495;-0.5533;-1.493490
20200505;5;20.0000;LowOrHighOfLast2Candles;-10;2.0000;0.000300;5.000000;3.000000;60;0.000000;8;19;1;9436.29539000;9436.29539000;0.00000000;182;45;0.25;653.6822;-563.7046;-0.8624;-3.097278
20200505;4;20.0000;LowOrHighOfLast2Candles;0;2.0000;0.000300;5.000000;3.000000;60;0.000000;8;19;1;9581.63511000;9581.63511000;0.00000000;156;40;0.26;583.7520;-418.3649;-0.7167;-2.681826
20200505;5;20.0000;LowOrHighOfLast2Candles;0;2.0000;0.000300;5.000000;3.000000;60;0.000000;8;19;1;9316.82082000;9316.82082000;0.00000000;185;45;0.24;849.7188;-683.1792;-0.8040;-3.692860
20200505;4;20.0000;LowOrHighOfLast2Candles;10;2.0000;0.000300;5.000000;3.000000;60;0.000000;8;19;1;9775.47004000;9775.47004000;0.00000000;131;33;0.25;403.9547;-224.5300;-0.5558;-1.713969
20200505;5;20.0000;LowOrHighOfLast2Candles;10;2.0000;0.000300;5.000000;3.000000;60;0.000000;8;19;1;9731.18085000;9731.18085000;0.00000000;163;42;0.26;482.3700;-268.8191;-0.5573;-1.649197
20200505;4;20.0000;LowOrHighOfLast2Candles;20;2.0000;0.000300;5.000000;3.000000;60;0.000000;8;19;1;9735.62740000;9735.62740000;0.00000000;104;25;0.24;404.6371;-264.3726;-0.6534;-2.542044
20200505;5;20.0000;LowOrHighOfLast2Candles;20;2.0000;0.000300;5.000000;3.000000;60;0.000000;8;19;1;9576.38984000;9576.38984000;0.00000000;124;29;0.23;657.1662;-423.6102;-0.6446;-3.416211
20200505;4;20.0000;LowOrHighOfLast2Candles;30;2.0000;0.000300;5.000000;3.000000;60;0.000000;8;19;1;9865.34461000;9865.34461000;0.00000000;71;16;0.23;327.8207;-134.6554;-0.4108;-1.896555
20200505;5;20.0000;LowOrHighOfLast2Candles;30;2.0000;0.000300;5.000000;3.000000;60;0.000000;8;19;1;9868.70543000;9868.70543000;0.00000000;97;24;0.25;313.2675;-131.2946;-0.4191;-1.353552
20200505;4;20.0000;LowOrHighOfLast2Candles;40;2.0000;0.000300;5.000000;3.000000;60;0.000000;8;19;1;9556.07042000;9556.07042000;0.00000000;55;8;0.15;616.5430;-443.9296;-0.7200;-8.071447
20200505;5;20.0000;LowOrHighOfLast2Candles;40;2.0000;0.000300;5.000000;3.000000;60;0.000000;8;19;1;9797.68354000;9797.68354000;0.00000000;75;17;0.23;487.0177;-202.3165;-0.4154;-2.697553
20200505;4;20.0000;LowOrHighOfLast2Candles;50;2.0000;0.000300;5.000000;3.000000;60;0.000000;8;19;1;9522.09778000;9522.09778000;0.00000000;39;4;0.10;484.5822;-477.9022;-0.9862;-12.253903
20200505;5;20.0000;LowOrHighOfLast2Candles;50;2.0000;0.000300;5.000000;3.000000;60;0.000000;8;19;1;9496.14554000;9496.14554000;0.00000000;49;6;0.12;526.1868;-503.8545;-0.9576;-10.282744
20200505;4;20.0000;LowOrHighOfLast2Candles;60;2.0000;0.000300;5.000000;3.000000;60;0.000000;8;19;1;9712.18358000;9712.18358000;0.00000000;32;4;0.13;301.1564;-287.8164;-0.9557;-8.994263
20200505;5;20.0000;LowOrHighOfLast2Candles;60;2.0000;0.000300;5.000000;3.000000;60;0.000000;8;19;1;9765.63358000;9765.63358000;0.00000000;38;6;0.16;305.2800;-234.3664;-0.7677;-6.167537
20200505;4;20.0000;LowOrHighOfLast2Candles;70;2.0000;0.000300;5.000000;3.000000;60;0.000000;8;19;1;9697.63000000;9697.63000000;0.00000000;24;2;0.08;316.4900;-302.3700;-0.9554;-12.598750
20200505;5;20.0000;LowOrHighOfLast2Candles;70;2.0000;0.000300;5.000000;3.000000;60;0.000000;8;19;1;9660.61000000;9660.61000000;0.00000000;26;2;0.08;345.4900;-339.3900;-0.9823;-13.053462
20200505;4;20.0000;LowOrHighOfLast2Candles;80;2.0000;0.000300;5.000000;3.000000;60;0.000000;8;19;1;9802.86000000;9802.86000000;0.00000000;19;2;0.11;216.7400;-197.1400;-0.9096;-10.375789
20200505;5;20.0000;LowOrHighOfLast2Candles;80;2.0000;0.000300;5.000000;3.000000;60;0.000000;8;19;1;9723.69000000;9723.69000000;0.00000000;23;2;0.09;284.9000;-276.3100;-0.9698;-12.013478
20200505;4;20.0000;LowOrHighOfLast2Candles;90;2.0000;0.000300;5.000000;3.000000;60;0.000000;8;19;1;9774.38000000;9774.38000000;0.00000000;16;1;0.06;237.1400;-225.6200;-0.9514;-14.101250
20200505;5;20.0000;LowOrHighOfLast2Candles;90;2.0000;0.000300;5.000000;3.000000;60;0.000000;8;19;1;9754.63000000;9754.63000000;0.00000000;17;1;0.06;256.8900;-245.3700;-0.9552;-14.433529
20200505;4;20.0000;LowOrHighOfLast2Candles;-30;2.0000;0.000300;5.000000;3.500000;60;0.000000;8;19;1;10069.04887000;10069.04887000;0.00000000;106;31;0.29;323.4242;69.0489;0.2135;0.651404
20200505;5;20.0000;LowOrHighOfLast2Candles;-30;2.0000;0.000300;5.000000;3.500000;60;0.000000;8;19;1;9552.47997000;9552.47997000;0.00000000;131;30;0.23;536.8203;-447.5200;-0.8336;-3.416183
20200505;4;20.0000;LowOrHighOfLast2Candles;-20;2.0000;0.000300;5.000000;3.500000;60;0.000000;8;19;1;9854.50265000;9854.50265000;0.00000000;132;36;0.27;478.7308;-145.4973;-0.3039;-1.102253
20200505;5;20.0000;LowOrHighOfLast2Candles;-20;2.0000;0.000300;5.000000;3.500000;60;0.000000;8;19;1;9179.24392000;9179.24392000;0.00000000;161;33;0.20;873.5686;-820.7561;-0.9395;-5.097864
20200505;4;20.0000;LowOrHighOfLast2Candles;-10;2.0000;0.000300;5.000000;3.500000;60;0.000000;8;19;1;9721.05878000;9721.05878000;0.00000000;144;37;0.26;486.0204;-278.9412;-0.5739;-1.937092
20200505;5;20.0000;LowOrHighOfLast2Candles;-10;2.0000;0.000300;5.000000;3.500000;60;0.000000;8;19;1;9344.75142000;9344.75142000;0.00000000;180;42;0.23;772.4540;-655.2486;-0.8483;-3.640270
20200505;4;20.0000;LowOrHighOfLast2Candles;0;2.0000;0.000300;5.000000;3.500000;60;0.000000;8;19;1;9629.85911000;9629.85911000;0.00000000;153;37;0.24;560.3614;-370.1409;-0.6605;-2.419222
20200505;5;20.0000;LowOrHighOfLast2Candles;0;2.0000;0.000300;5.000000;3.500000;60;0.000000;8;19;1;9462.06353000;9462.06353000;0.00000000;183;44;0.24;793.1399;-537.9365;-0.6782;-2.939544
20200505;4;20.0000;LowOrHighOfLast2Candles;10;2.0000;0.000300;5.000000;3.500000;60;0.000000;8;19;1;9736.15152000;9736.15152000;0.00000000;130;31;0.24;501.1861;-263.8485;-0.5264;-2.029604
20200505;5;20.0000;LowOrHighOfLast2Candles;10;2.0000;0.000300;5.000000;3.500000;60;0.000000;8;19;1;9777.85487000;9777.85487000;0.00000000;161;41;0.25;537.8664;-222.1451;-0.4130;-1.379783
20200505;4;20.0000;LowOrHighOfLast2Candles;20;2.0000;0.000300;5.000000;3.500000;60;0.000000;8;19;1;9683.04046000;9683.04046000;0.00000000;104;23;0.22;452.3884;-316.9595;-0.7006;-3.047688
20200505;5;20.0000;LowOrHighOfLast2Candles;20;2.0000;0.000300;5.000000;3.500000;60;0.000000;8;19;1;9550.76459000;9550.76459000;0.00000000;123;27;0.22;651.3305;-449.2354;-0.6897;-3.652320
20200505;4;20.0000;LowOrHighOfLast2Candles;30;2.0000;0.000300;5.000000;3.500000;60;0.000000;8;19;1;9824.48418000;9824.48418000;0.00000000;71;15;0.21;365.0590;-175.5158;-0.4808;-2.472054
20200505;5;20.0000;LowOrHighOfLast2Candles;30;2.0000;0.000300;5.000000;3.500000;60;0.000000;8;19;1;9710.24536000;9710.24536000;0.00000000;97;21;0.22;513.0224;-289.7546;-0.5648;-2.987161
20200505;4;20.0000;LowOrHighOfLast2Candles;40;2.0000;0.000300;5.000000;3.500000;60;0.000000;8;19;1;9619.56042000;9619.56042000;0.00000000;55;8;0.15;591.7830;-380.4396;-0.6429;-6.917083
20200505;5;20.0000;LowOrHighOfLast2Candles;40;2.0000;0.000300;5.000000;3.500000;60;0.000000;8;19;1;9918.09655000;9918.09655000;0.00000000;75;17;0.23;443.2577;-81.9035;-0.1848;-1.092046
20200505;4;20.0000;LowOrHighOfLast2Candles;50;2.0000;0.000300;5.000000;3.500000;60;0.000000;8;19;1;9551.58778000;9551.58778000;0.00000000;39;4;0.10;465.0822;-448.4122;-0.9642;-11.497749
20200505;5;20.0000;LowOrHighOfLast2Candles;50;2.0000;0.000300;5.000000;3.500000;60;0.000000;8;19;1;9545.32132000;9545.32132000;0.00000000;49;6;0.12;516.5010;-454.6787;-0.8803;-9.279157
20200505;4;20.0000;LowOrHighOfLast2Candles;60;2.0000;0.000300;5.000000;3.500000;60;0.000000;8;19;1;9751.38442000;9751.38442000;0.00000000;32;4;0.13;294.4300;-248.6156;-0.8444;-7.769237
20200505;5;20.0000;LowOrHighOfLast2Candles;60;2.0000;0.000300;5.000000;3.500000;60;0.000000;8;19;1;9824.62442000;9824.62442000;0.00000000;38;6;0.16;295.3800;-175.3756;-0.5937;-4.615147
20200505;4;20.0000;LowOrHighOfLast2Candles;70;2.0000;0.000300;5.000000;3.500000;60;0.000000;8;19;1;9716.95000000;9716.95000000;0.00000000;24;2;0.08;316.4900;-283.0500;-0.8943;-11.793750
20200505;5;20.0000;LowOrHighOfLast2Candles;70;2.0000;0.000300;5.000000;3.500000;60;0.000000;8;19;1;9679.93000000;9679.93000000;0.00000000;26;2;0.08;335.6900;-320.0700;-0.9535;-12.310385
20200505;4;20.0000;LowOrHighOfLast2Candles;80;2.0000;0.000300;5.000000;3.500000;60;0.000000;8;19;1;9822.32000000;9822.32000000;0.00000000;19;2;0.11;216.7400;-177.6800;-0.8198;-9.351579
20200505;5;20.0000;LowOrHighOfLast2Candles;80;2.0000;0.000300;5.000000;3.500000;60;0.000000;8;19;1;9743.15000000;9743.15000000;0.00000000;23;2;0.09;276.7300;-256.8500;-0.9282;-11.167391
20200505;4;20.0000;LowOrHighOfLast2Candles;90;2.0000;0.000300;5.000000;3.500000;60;0.000000;8;19;1;9784.04000000;9784.04000000;0.00000000;16;1;0.06;237.1400;-215.9600;-0.9107;-13.497500
20200505;5;20.0000;LowOrHighOfLast2Candles;90;2.0000;0.000300;5.000000;3.500000;60;0.000000;8;19;1;9764.29000000;9764.29000000;0.00000000;17;1;0.06;256.8900;-235.7100;-0.9176;-13.865294
20200505;4;20.0000;LowOrHighOfLast2Candles;-30;2.0000;0.000300;5.000000;4.000000;60;0.000000;8;19;1;10060.47964000;10060.47964000;0.00000000;105;30;0.29;342.9038;60.4796;0.1764;0.575997
20200505;5;20.0000;LowOrHighOfLast2Candles;-30;2.0000;0.000300;5.000000;4.000000;60;0.000000;8;19;1;9622.16941000;9622.16941000;0.00000000;130;29;0.22;505.0223;-377.8306;-0.7481;-2.906389
20200505;4;20.0000;LowOrHighOfLast2Candles;-20;2.0000;0.000300;5.000000;4.000000;60;0.000000;8;19;1;9846.87959000;9846.87959000;0.00000000;129;35;0.27;486.3478;-153.1204;-0.3148;-1.186980
20200505;5;20.0000;LowOrHighOfLast2Candles;-20;2.0000;0.000300;5.000000;4.000000;60;0.000000;8;19;1;9220.21359000;9220.21359000;0.00000000;160;33;0.21;860.5116;-779.7864;-0.9062;-4.873665
20200505;4;20.0000;LowOrHighOfLast2Candles;-10;2.0000;0.000300;5.000000;4.000000;60;0.000000;8;19;1;9675.78215000;9675.78215000;0.00000000;143;35;0.24;567.8963;-324.2179;-0.5709;-2.267258
20200505;5;20.0000;LowOrHighOfLast2Candles;-10;2.0000;0.000300;5.000000;4.000000;60;0.000000;8;19;1;9356.28033000;9356.28033000;0.00000000;178;40;0.22;789.0051;-643.7197;-0.8159;-3.616403
20200505;4;20.0000;LowOrHighOfLast2Candles;0;2.0000;0.000300;5.000000;4.000000;60;0.000000;8;19;1;9540.46038000;9540.46038000;0.00000000;153;35;0.23;671.9614;-459.5396;-0.6839;-3.003527
20200505;5;20.0000;LowOrHighOfLast2Candles;0;2.0000;0.000300;5.000000;4.000000;60;0.000000;8;19;1;9323.30054000;9323.30054000;0.00000000;181;41;0.23;870.6919;-676.6995;-0.7772;-3.738671
20200505;4;20.0000;LowOrHighOfLast2Candles;10;2.0000;0.000300;5.000000;4.000000;60;0.000000;8;19;1;9820.92806000;9820.92806000;0.00000000;127;29;0.23;430.9454;-179.0719;-0.4155;-1.410015
20200505;5;20.0000;LowOrHighOfLast2Candles;10;2.0000;0.000300;5.000000;4.000000;60;0.000000;8;19;1;9821.21009000;9821.21009000;0.00000000;160;40;0.25;539.6264;-178.7899;-0.3313;-1.117437
20200505;4;20.0000;LowOrHighOfLast2Candles;20;2.0000;0.000300;5.000000;4.000000;60;0.000000;8;19;1;9682.72198000;9682.72198000;0.00000000;104;22;0.21;490.8080;-317.2780;-0.6464;-3.050750
20200505;5;20.0000;LowOrHighOfLast2Candles;20;2.0000;0.000300;5.000000;4.000000;60;0.000000;8;19;1;9598.48587000;9598.48587000;0.00000000;122;26;0.21;585.7198;-401.5141;-0.6855;-3.291099
20200505;4;20.0000;LowOrHighOfLast2Candles;30;2.0000;0.000300;5.000000;4.000000;60;0.000000;8;19;1;9677.10871000;9677.10871000;0.00000000;71;13;0.18;491.7403;-322.8913;-0.6566;-4.547765
20200505;5;20.0000;LowOrHighOfLast2Candles;30;2.0000;0.000300;5.000000;4.000000;60;0.000000;8;19;1;9610.43435000;9610.43435000;0.00000000;96;19;0.20;562.0387;-389.5657;-0.6931;-4.057976
20200505;4;20.0000;LowOrHighOfLast2Candles;40;2.0000;0.000300;5.000000;4.000000;60;0.000000;8;19;1;9577.23078000;9577.23078000;0.00000000;55;7;0.13;672.6329;-422.7692;-0.6285;-7.686713
20200505;5;20.0000;LowOrHighOfLast2Candles;40;2.0000;0.000300;5.000000;4.000000;60;0.000000;8;19;1;9755.69510000;9755.69510000;0.00000000;75;14;0.19;620.8164;-244.3049;-0.3935;-3.257399
20200505;4;20.0000;LowOrHighOfLast2Candles;50;2.0000;0.000300;5.000000;4.000000;60;0.000000;8;19;1;9581.07778000;9581.07778000;0.00000000;39;4;0.10;456.5846;-418.9222;-0.9175;-10.741595
20200505;5;20.0000;LowOrHighOfLast2Candles;50;2.0000;0.000300;5.000000;4.000000;60;0.000000;8;19;1;9594.08192000;9594.08192000;0.00000000;49;6;0.12;506.8810;-405.9181;-0.8008;-8.284042
20200505;4;20.0000;LowOrHighOfLast2Candles;60;2.0000;0.000300;5.000000;4.000000;60;0.000000;8;19;1;9715.37442000;9715.37442000;0.00000000;32;4;0.13;343.2700;-284.6256;-0.8292;-8.894549
20200505;5;20.0000;LowOrHighOfLast2Candles;60;2.0000;0.000300;5.000000;4.000000;60;0.000000;8;19;1;9808.18032000;9808.18032000;0.00000000;38;6;0.16;334.9841;-191.8197;-0.5726;-5.047886
20200505;4;20.0000;LowOrHighOfLast2Candles;70;2.0000;0.000300;5.000000;4.000000;60;0.000000;8;19;1;9736.90000000;9736.90000000;0.00000000;24;2;0.08;316.4900;-263.1000;-0.8313;-10.962500
20200505;5;20.0000;LowOrHighOfLast2Candles;70;2.0000;0.000300;5.000000;4.000000;60;0.000000;8;19;1;9699.88000000;9699.88000000;0.00000000;26;2;0.08;334.8800;-300.1200;-0.8962;-11.543077
20200505;4;20.0000;LowOrHighOfLast2Candles;80;2.0000;0.000300;5.000000;4.000000;60;0.000000;8;19;1;9842.20000000;9842.20000000;0.00000000;19;2;0.11;216.7400;-157.8000;-0.7281;-8.305263
20200505;5;20.0000;LowOrHighOfLast2Candles;80;2.0000;0.000300;5.000000;4.000000;60;0.000000;8;19;1;9763.03000000;9763.03000000;0.00000000;23;2;0.09;276.7300;-236.9700;-0.8563;-10.303043
20200505;4;20.0000;LowOrHighOfLast2Candles;90;2.0000;0.000300;5.000000;4.000000;60;0.000000;8;19;1;9794.16000000;9794.16000000;0.00000000;16;1;0.06;237.1400;-205.8400;-0.8680;-12.865000
20200505;5;20.0000;LowOrHighOfLast2Candles;90;2.0000;0.000300;5.000000;4.000000;60;0.000000;8;19;1;9774.41000000;9774.41000000;0.00000000;17;1;0.06;256.8900;-225.5900;-0.8782;-13.270000
20200505;4;20.0000;LowOrHighOfLast2Candles;-30;2.0000;0.000300;5.000000;1.500000;120;0.000000;8;19;1;9878.92427000;9878.92427000;0.00000000;128;46;0.36;459.6895;-121.0757;-0.2634;-0.945904
20200505;5;20.0000;LowOrHighOfLast2Candles;-30;2.0000;0.000300;5.000000;1.500000;120;0.000000;8;19;1;9765.79567000;9765.79567000;0.00000000;162;57;0.35;513.3226;-234.2043;-0.4563;-1.445706
20200505;4;20.0000;LowOrHighOfLast2Candles;-20;2.0000;0.000300;5.000000;1.500000;120;0.000000;8;19;1;9647.22401000;9647.22401000;0.00000000;152;54;0.36;498.8451;-352.7760;-0.7072;-2.320895
20200505;5;20.0000;LowOrHighOfLast2Candles;-20;2.0000;0.000300;5.000000;1.500000;120;0.000000;8;19;1;9651.82525000;9651.82525000;0.00000000;186;65;0.35;585.2226;-348.1748;-0.5949;-1.871907
20200505;4;20.0000;LowOrHighOfLast2Candles;-10;2.0000;0.000300;5.000000;1.500000;120;0.000000;8;19;1;9523.05747000;9523.05747000;0.00000000;165;55;0.33;582.7522;-476.9425;-0.8184;-2.890561
20200505;5;20.0000;LowOrHighOfLast2Candles;-10;2.0000;0.000300;5.000000;1.500000;120;0.000000;8;19;1;9288.70487000;9288.70487000;0.00000000;202;62;0.31;788.1752;-711.2951;-0.9025;-3.521263
20200505;4;20.0000;LowOrHighOfLast2Candles;0;2.0000;0.000300;5.000000;1.500000;120;0.000000;8;19;1;9162.54339000;9162.54339000;0.00000000;169;49;0.29;862.5778;-837.4566;-0.9709;-4.955365
20200505;5;20.0000;LowOrHighOfLast2Candles;0;2.0000;0.000300;5.000000;1.500000;120;0.000000;8;19;1;9277.77649000;9277.77649000;0.00000000;207;65;0.31;806.3956;-722.2235;-0.8956;-3.489002
20200505;4;20.0000;LowOrHighOfLast2Candles;10;2.0000;0.000300;5.000000;1.500000;120;0.000000;8;19;1;9242.74834000;9242.74834000;0.00000000;154;44;0.29;792.2329;-757.2517;-0.9558;-4.917219
20200505;5;20.0000;LowOrHighOfLast2Candles;10;2.0000;0.000300;5.000000;1.500000;120;0.000000;8;19;1;9351.14855000;9351.14855000;0.00000000;198;64;0.32;671.7443;-648.8515;-0.9659;-3.277028
20200505;4;20.0000;LowOrHighOfLast2Candles;20;2.0000;0.000300;5.000000;1.500000;120;0.000000;8;19;1;9399.37030000;9399.37030000;0.00000000;141;42;0.30;635.6107;-600.6297;-0.9450;-4.259785
20200505;5;20.0000;LowOrHighOfLast2Candles;20;2.0000;0.000300;5.000000;1.500000;120;0.000000;8;19;1;9265.48877000;9265.48877000;0.00000000;174;52;0.30;748.9466;-734.5112;-0.9807;-4.221329
20200505;4;20.0000;LowOrHighOfLast2Candles;30;2.0000;0.000300;5.000000;1.500000;120;0.000000;8;19;1;9278.29707000;9278.29707000;0.00000000;111;27;0.24;769.0509;-721.7029;-0.9384;-6.501828
20200505;5;20.0000;LowOrHighOfLast2Candles;30;2.0000;0.000300;5.000000;1.500000;120;0.000000;8;19;1;9128.22548000;9128.22548000;0.00000000;146;37;0.25;885.5225;-871.7745;-0.9845;-5.971058
20200505;4;20.0000;LowOrHighOfLast2Candles;40;2.0000;0.000300;5.000000;1.500000;120;0.000000;8;19;1;9264.05662000;9264.05662000;0.00000000;99;22;0.22;803.4164;-735.9434;-0.9160;-7.433772
20200505;5;20.0000;LowOrHighOfLast2Candles;40;2.0000;0.000300;5.000000;1.500000;120;0.000000;8;19;1;9076.93612000;9076.93612000;0.00000000;122;27;0.22;936.1069;-923.0639;-0.9861;-7.566097
20200505;4;20.0000;LowOrHighOfLast2Candles;50;2.0000;0.000300;5.000000;1.500000;120;0.000000;8;19;1;9064.29706000;9064.29706000;0.00000000;84;13;0.15;935.7029;-935.7029;-1.0000;-11.139321
20200505;5;20.0000;LowOrHighOfLast2Candles;50;2.0000;0.000300;5.000000;1.500000;120;0.000000;8;19;1;8892.31530000;8892.31530000;0.00000000;100;16;0.16;1107.6847;-1107.6847;-1.0000;-11.076847
20200505;4;20.0000;LowOrHighOfLast2Candles;60;2.0000;0.000300;5.000000;1.500000;120;0.000000;8;19;1;9123.44659000;9123.44659000;0.00000000;73;10;0.14;876.5534;-876.5534;-1.0000;-12.007581
20200505;5;20.0000;LowOrHighOfLast2Candles;60;2.0000;0.000300;5.000000;1.500000;120;0.000000;8;19;1;8919.08110000;8919.08110000;0.00000000;89;12;0.13;1080.9189;-1080.9189;-1.0000;-12.145156
20200505;4;20.0000;LowOrHighOfLast2Candles;70;2.0000;0.000300;5.000000;1.500000;120;0.000000;8;19;1;9384.27313000;9384.27313000;0.00000000;60;10;0.17;615.7269;-615.7269;-1.0000;-10.262115
20200505;5;20.0000;LowOrHighOfLast2Candles;70;2.0000;0.000300;5.000000;1.500000;120;0.000000;8;19;1;9036.30313000;9036.30313000;0.00000000;75;9;0.12;963.6969;-963.6969;-1.0000;-12.849292
20200505;4;20.0000;LowOrHighOfLast2Candles;80;2.0000;0.000300;5.000000;1.500000;120;0.000000;8;19;1;9229.29000000;9229.29000000;0.00000000;51;4;0.08;770.7100;-770.7100;-1.0000;-15.111961
20200505;5;20.0000;LowOrHighOfLast2Candles;80;2.0000;0.000300;5.000000;1.500000;120;0.000000;8;19;1;8932.62000000;8932.62000000;0.00000000;66;4;0.06;1067.3800;-1067.3800;-1.0000;-16.172424
20200505;4;20.0000;LowOrHighOfLast2Candles;90;2.0000;0.000300;5.000000;1.500000;120;0.000000;8;19;1;9251.93000000;9251.93000000;0.00000000;44;2;0.05;748.0700;-748.0700;-1.0000;-17.001591
20200505;5;20.0000;LowOrHighOfLast2Candles;90;2.0000;0.000300;5.000000;1.500000;120;0.000000;8;19;1;8933.52000000;8933.52000000;0.00000000;57;1;0.02;1066.4800;-1066.4800;-1.0000;-18.710175
20200505;4;20.0000;LowOrHighOfLast2Candles;-30;2.0000;0.000300;5.000000;2.000000;120;0.000000;8;19;1;9919.67388000;9919.67388000;0.00000000;123;40;0.33;423.2272;-80.3261;-0.1898;-0.653058
20200505;5;20.0000;LowOrHighOfLast2Candles;-30;2.0000;0.000300;5.000000;2.000000;120;0.000000;8;19;1;9798.64796000;9798.64796000;0.00000000;158;50;0.32;583.9939;-201.3520;-0.3448;-1.274380
20200505;4;20.0000;LowOrHighOfLast2Candles;-20;2.0000;0.000300;5.000000;2.000000;120;0.000000;8;19;1;9573.97963000;9573.97963000;0.00000000;148;46;0.31;580.2420;-426.0204;-0.7342;-2.878516
20200505;5;20.0000;LowOrHighOfLast2Candles;-20;2.0000;0.000300;5.000000;2.000000;120;0.000000;8;19;1;9551.93041000;9551.93041000;0.00000000;184;55;0.30;729.3684;-448.0696;-0.6143;-2.435161
20200505;4;20.0000;LowOrHighOfLast2Candles;-10;2.0000;0.000300;5.000000;2.000000;120;0.000000;8;19;1;9701.26876000;9701.26876000;0.00000000;164;52;0.32;455.0115;-298.7312;-0.6565;-1.821532
20200505;5;20.0000;LowOrHighOfLast2Candles;-10;2.0000;0.000300;5.000000;2.000000;120;0.000000;8;19;1;9519.73739000;9519.73739000;0.00000000;200;58;0.29;702.2858;-480.2626;-0.6839;-2.401313
20200505;4;20.0000;LowOrHighOfLast2Candles;0;2.0000;0.000300;5.000000;2.000000;120;0.000000;8;19;1;9409.93125000;9409.93125000;0.00000000;169;48;0.28;687.7300;-590.0688;-0.8580;-3.491531
20200505;5;20.0000;LowOrHighOfLast2Candles;0;2.0000;0.000300;5.000000;2.000000;120;0.000000;8;19;1;9507.32618000;9507.32618000;0.00000000;201;59;0.29;660.5838;-492.6738;-0.7458;-2.451114
20200505;4;20.0000;LowOrHighOfLast2Candles;10;2.0000;0.000300;5.000000;2.000000;120;0.000000;8;19;1;9396.52805000;9396.52805000;0.00000000;151;40;0.26;714.3532;-603.4720;-0.8448;-3.996503
20200505;5;20.0000;LowOrHighOfLast2Candles;10;2.0000;0.000300;5.000000;2.000000;120;0.000000;8;19;1;9407.39794000;9407.39794000;0.00000000;189;53;0.28;742.4584;-592.6021;-0.7982;-3.135461
20200505;4;20.0000;LowOrHighOfLast2Candles;20;2.0000;0.000300;5.000000;2.000000;120;0.000000;8;19;1;9324.60121000;9324.60121000;0.00000000;138;34;0.25;806.6301;-675.3988;-0.8373;-4.894194
20200505;5;20.0000;LowOrHighOfLast2Candles;20;2.0000;0.000300;5.000000;2.000000;120;0.000000;8;19;1;9308.78452000;9308.78452000;0.00000000;167;43;0.26;762.5484;-691.2155;-0.9065;-4.139015
20200505;4;20.0000;LowOrHighOfLast2Candles;30;2.0000;0.000300;5.000000;2.000000;120;0.000000;8;19;1;9366.50477000;9366.50477000;0.00000000;111;24;0.22;710.9786;-633.4952;-0.8910;-5.707164
20200505;5;20.0000;LowOrHighOfLast2Candles;30;2.0000;0.000300;5.000000;2.000000;120;0.000000;8;19;1;9236.05063000;9236.05063000;0.00000000;144;33;0.23;787.1473;-763.9494;-0.9705;-5.305204
20200505;4;20.0000;LowOrHighOfLast2Candles;40;2.0000;0.000300;5.000000;2.000000;120;0.000000;8;19;1;9351.41726000;9351.41726000;0.00000000;99;20;0.20;716.6858;-648.5827;-0.9050;-6.551341
20200505;5;20.0000;LowOrHighOfLast2Candles;40;2.0000;0.000300;5.000000;2.000000;120;0.000000;8;19;1;9074.95318000;9074.95318000;0.00000000;122;23;0.19;947.6098;-925.0468;-0.9762;-7.582351
20200505;4;20.0000;LowOrHighOfLast2Candles;50;2.0000;0.000300;5.000000;2.000000;120;0.000000;8;19;1;9191.44706000;9191.44706000;0.00000000;84;13;0.15;808.5529;-808.5529;-1.0000;-9.625630
20200505;5;20.0000;LowOrHighOfLast2Candles;50;2.0000;0.000300;5.000000;2.000000;120;0.000000;8;19;1;9038.89566000;9038.89566000;0.00000000;100;16;0.16;961.1043;-961.1043;-1.0000;-9.611043
20200505;4;20.0000;LowOrHighOfLast2Candles;60;2.0000;0.000300;5.000000;2.000000;120;0.000000;8;19;1;9088.87659000;9088.87659000;0.00000000;73;8;0.11;911.1234;-911.1234;-1.0000;-12.481143
20200505;5;20.0000;LowOrHighOfLast2Candles;60;2.0000;0.000300;5.000000;2.000000;120;0.000000;8;19;1;8903.99110000;8903.99110000;0.00000000;89;10;0.11;1096.0089;-1096.0089;-1.0000;-12.314707
20200505;4;20.0000;LowOrHighOfLast2Candles;70;2.0000;0.000300;5.000000;2.000000;120;0.000000;8;19;1;9281.02263000;9281.02263000;0.00000000;60;7;0.12;718.9774;-718.9774;-1.0000;-11.982956
20200505;5;20.0000;LowOrHighOfLast2Candles;70;2.0000;0.000300;5.000000;2.000000;120;0.000000;8;19;1;8922.94263000;8922.94263000;0.00000000;75;6;0.08;1077.0574;-1077.0574;-1.0000;-14.360765
20200505;4;20.0000;LowOrHighOfLast2Candles;80;2.0000;0.000300;5.000000;2.000000;120;0.000000;8;19;1;9267.82000000;9267.82000000;0.00000000;51;4;0.08;732.1800;-732.1800;-1.0000;-14.356471
20200505;5;20.0000;LowOrHighOfLast2Candles;80;2.0000;0.000300;5.000000;2.000000;120;0.000000;8;19;1;8904.82000000;8904.82000000;0.00000000;66;3;0.05;1095.1800;-1095.1800;-1.0000;-16.593636
20200505;4;20.0000;LowOrHighOfLast2Candles;90;2.0000;0.000300;5.000000;2.000000;120;0.000000;8;19;1;9271.95000000;9271.95000000;0.00000000;44;2;0.05;728.0500;-728.0500;-1.0000;-16.546591
20200505;5;20.0000;LowOrHighOfLast2Candles;90;2.0000;0.000300;5.000000;2.000000;120;0.000000;8;19;1;8943.64000000;8943.64000000;0.00000000;57;1;0.02;1056.3600;-1056.3600;-1.0000;-18.532632
20200505;4;20.0000;LowOrHighOfLast2Candles;-30;2.0000;0.000300;5.000000;2.500000;120;0.000000;8;19;1;9940.06314000;9940.06314000;0.00000000;122;36;0.30;415.3975;-59.9369;-0.1443;-0.491286
20200505;5;20.0000;LowOrHighOfLast2Candles;-30;2.0000;0.000300;5.000000;2.500000;120;0.000000;8;19;1;9685.07839000;9685.07839000;0.00000000;155;43;0.28;566.8943;-314.9216;-0.5555;-2.031752
20200505;4;20.0000;LowOrHighOfLast2Candles;-20;2.0000;0.000300;5.000000;2.500000;120;0.000000;8;19;1;9742.87924000;9742.87924000;0.00000000;146;44;0.30;557.0922;-257.1208;-0.4615;-1.761101
20200505;5;20.0000;LowOrHighOfLast2Candles;-20;2.0000;0.000300;5.000000;2.500000;120;0.000000;8;19;1;9500.34511000;9500.34511000;0.00000000;179;48;0.27;711.2252;-499.6549;-0.7025;-2.791368
20200505;4;20.0000;LowOrHighOfLast2Candles;-10;2.0000;0.000300;5.000000;2.500000;120;0.000000;8;19;1;9612.63509000;9612.63509000;0.00000000;159;46;0.29;552.3084;-387.3649;-0.7014;-2.436257
20200505;5;20.0000;LowOrHighOfLast2Candles;-10;2.0000;0.000300;5.000000;2.500000;120;0.000000;8;19;1;9599.98759000;9599.98759000;0.00000000;197;55;0.28;619.0901;-400.0124;-0.6461;-2.030520
20200505;4;20.0000;LowOrHighOfLast2Candles;0;2.0000;0.000300;5.000000;2.500000;120;0.000000;8;19;1;9301.30498000;9301.30498000;0.00000000;167;42;0.25;766.0318;-698.6950;-0.9121;-4.183803
20200505;5;20.0000;LowOrHighOfLast2Candles;0;2.0000;0.000300;5.000000;2.500000;120;0.000000;8;19;1;9290.85101000;9290.85101000;0.00000000;199;50;0.25;867.9444;-709.1490;-0.8170;-3.563563
20200505;4;20.0000;LowOrHighOfLast2Candles;10;2.0000;0.000300;5.000000;2.500000;120;0.000000;8;19;1;9526.52183000;9526.52183000;0.00000000;151;38;0.25;671.4994;-473.4782;-0.7051;-3.135617
20200505;5;20.0000;LowOrHighOfLast2Candles;10;2.0000;0.000300;5.000000;2.500000;120;0.000000;8;19;1;9496.99497000;9496.99497000;0.00000000;186;48;0.26;807.5014;-503.0050;-0.6229;-2.704328
20200505;4;20.0000;LowOrHighOfLast2Candles;20;2.0000;0.000300;5.000000;2.500000;120;0.000000;8;19;1;9543.80121000;9543.80121000;0.00000000;138;34;0.25;655.6701;-456.1988;-0.6958;-3.305788
20200505;5;20.0000;LowOrHighOfLast2Candles;20;2.0000;0.000300;5.000000;2.500000;120;0.000000;8;19;1;9436.84913000;9436.84913000;0.00000000;165;40;0.24;732.3238;-563.1509;-0.7690;-3.413036
20200505;4;20.0000;LowOrHighOfLast2Candles;30;2.0000;0.000300;5.000000;2.500000;120;0.000000;8;19;1;9449.02800000;9449.02800000;0.00000000;109;22;0.20;676.7454;-550.9720;-0.8141;-5.054789
20200505;5;20.0000;LowOrHighOfLast2Candles;30;2.0000;0.000300;5.000000;2.500000;120;0.000000;8;19;1;9266.25894000;9266.25894000;0.00000000;140;29;0.21;766.2390;-733.7411;-0.9576;-5.241008
20200505;4;20.0000;LowOrHighOfLast2Candles;40;2.0000;0.000300;5.000000;2.500000;120;0.000000;8;19;1;9320.94267000;9320.94267000;0.00000000;98;17;0.17;771.7403;-679.0573;-0.8799;-6.929156
20200505;5;20.0000;LowOrHighOfLast2Candles;40;2.0000;0.000300;5.000000;2.500000;120;0.000000;8;19;1;9104.68401000;9104.68401000;0.00000000;120;21;0.18;927.3990;-895.3160;-0.9654;-7.460967
20200505;4;20.0000;LowOrHighOfLast2Candles;50;2.0000;0.000300;5.000000;2.500000;120;0.000000;8;19;1;9241.40790000;9241.40790000;0.00000000;84;12;0.14;758.5921;-758.5921;-1.0000;-9.030858
20200505;5;20.0000;LowOrHighOfLast2Candles;50;2.0000;0.000300;5.000000;2.500000;120;0.000000;8;19;1;8962.30058000;8962.30058000;0.00000000;100;13;0.13;1037.6994;-1037.6994;-1.0000;-10.376994
20200505;4;20.0000;LowOrHighOfLast2Candles;60;2.0000;0.000300;5.000000;2.500000;120;0.000000;8;19;1;9167.21659000;9167.21659000;0.00000000;73;8;0.11;832.7834;-832.7834;-1.0000;-11.407992
20200505;5;20.0000;LowOrHighOfLast2Candles;60;2.0000;0.000300;5.000000;2.500000;120;0.000000;8;19;1;9001.66652000;9001.66652000;0.00000000;89;10;0.11;998.3335;-998.3335;-1.0000;-11.217230
20200505;4;20.0000;LowOrHighOfLast2Candles;70;2.0000;0.000300;5.000000;2.500000;120;0.000000;8;19;1;9349.42263000;9349.42263000;0.00000000;60;7;0.12;650.5774;-650.5774;-1.0000;-10.842956
20200505;5;20.0000;LowOrHighOfLast2Candles;70;2.0000;0.000300;5.000000;2.500000;120;0.000000;8;19;1;8981.50263000;8981.50263000;0.00000000;75;6;0.08;1018.4974;-1018.4974;-1.0000;-13.579965
20200505;4;20.0000;LowOrHighOfLast2Candles;80;2.0000;0.000300;5.000000;2.500000;120;0.000000;8;19;1;9307.15000000;9307.15000000;0.00000000;51;4;0.08;692.8500;-692.8500;-1.0000;-13.585294
20200505;5;20.0000;LowOrHighOfLast2Candles;80;2.0000;0.000300;5.000000;2.500000;120;0.000000;8;19;1;8934.58000000;8934.58000000;0.00000000;66;3;0.05;1065.4200;-1065.4200;-1.0000;-16.142727
20200505;4;20.0000;LowOrHighOfLast2Candles;90;2.0000;0.000300;5.000000;2.500000;120;0.000000;8;19;1;9291.51000000;9291.51000000;0.00000000;44;2;0.05;708.4900;-708.4900;-1.0000;-16.102045
20200505;5;20.0000;LowOrHighOfLast2Candles;90;2.0000;0.000300;5.000000;2.500000;120;0.000000;8;19;1;8953.30000000;8953.30000000;0.00000000;57;1;0.02;1046.7000;-1046.7000;-1.0000;-18.363158
20200505;4;20.0000;LowOrHighOfLast2Candles;-30;2.0000;0.000300;5.000000;3.000000;120;0.000000;8;19;1;9886.79734000;9886.79734000;0.00000000;121;33;0.27;556.0995;-113.2027;-0.2036;-0.935559
20200505;5;20.0000;LowOrHighOfLast2Candles;-30;2.0000;0.000300;5.000000;3.000000;120;0.000000;8;19;1;9469.15351000;9469.15351000;0.00000000;153;37;0.24;600.8335;-530.8465;-0.8835;-3.469585
20200505;4;20.0000;LowOrHighOfLast2Candles;-20;2.0000;0.000300;5.000000;3.000000;120;0.000000;8;19;1;9780.61414000;9780.61414000;0.00000000;144;41;0.28;579.2176;-219.3859;-0.3788;-1.523513
20200505;5;20.0000;LowOrHighOfLast2Candles;-20;2.0000;0.000300;5.000000;3.000000;120;0.000000;8;19;1;9504.59060000;9504.59060000;0.00000000;175;44;0.25;652.9886;-495.4094;-0.7587;-2.830911
20200505;4;20.0000;LowOrHighOfLast2Candles;-10;2.0000;0.000300;5.000000;3.000000;120;0.000000;8;19;1;9670.51227000;9670.51227000;0.00000000;159;44;0.28;504.0284;-329.4877;-0.6537;-2.072250
20200505;5;20.0000;LowOrHighOfLast2Candles;-10;2.0000;0.000300;5.000000;3.000000;120;0.000000;8;19;1;9397.03945000;9397.03945000;0.00000000;194;48;0.25;677.6510;-602.9605;-0.8898;-3.108044
20200505;4;20.0000;LowOrHighOfLast2Candles;0;2.0000;0.000300;5.000000;3.000000;120;0.000000;8;19;1;9426.01106000;9426.01106000;0.00000000;166;41;0.25;700.0160;-573.9889;-0.8200;-3.457765
20200505;5;20.0000;LowOrHighOfLast2Candles;0;2.0000;0.000300;5.000000;3.000000;120;0.000000;8;19;1;9268.91649000;9268.91649000;0.00000000;197;47;0.24;819.8019;-731.0835;-0.8918;-3.711084
20200505;4;20.0000;LowOrHighOfLast2Candles;10;2.0000;0.000300;5.000000;3.000000;120;0.000000;8;19;1;9491.16192000;9491.16192000;0.00000000;150;35;0.23;649.0028;-508.8381;-0.7840;-3.392254
20200505;5;20.0000;LowOrHighOfLast2Candles;10;2.0000;0.000300;5.000000;3.000000;120;0.000000;8;19;1;9485.99803000;9485.99803000;0.00000000;186;45;0.24;716.3340;-514.0020;-0.7175;-2.763451
20200505;4;20.0000;LowOrHighOfLast2Candles;20;2.0000;0.000300;5.000000;3.000000;120;0.000000;8;19;1;9558.16222000;9558.16222000;0.00000000;138;32;0.23;666.0244;-441.8378;-0.6634;-3.201723
20200505;5;20.0000;LowOrHighOfLast2Candles;20;2.0000;0.000300;5.000000;3.000000;120;0.000000;8;19;1;9300.39833000;9300.39833000;0.00000000;163;35;0.21;903.4778;-699.6017;-0.7743;-4.292035
20200505;4;20.0000;LowOrHighOfLast2Candles;30;2.0000;0.000300;5.000000;3.000000;120;0.000000;8;19;1;9624.06800000;9624.06800000;0.00000000;109;22;0.20;555.1107;-375.9320;-0.6772;-3.448917
20200505;5;20.0000;LowOrHighOfLast2Candles;30;2.0000;0.000300;5.000000;3.000000;120;0.000000;8;19;1;9454.03295000;9454.03295000;0.00000000;138;28;0.20;670.2604;-545.9670;-0.8146;-3.956283
20200505;4;20.0000;LowOrHighOfLast2Candles;40;2.0000;0.000300;5.000000;3.000000;120;0.000000;8;19;1;9416.77431000;9416.77431000;0.00000000;97;17;0.18;714.6587;-583.2257;-0.8161;-6.012636
20200505;5;20.0000;LowOrHighOfLast2Candles;40;2.0000;0.000300;5.000000;3.000000;120;0.000000;8;19;1;9134.86746000;9134.86746000;0.00000000;118;19;0.16;906.5655;-865.1325;-0.9543;-7.331632
20200505;4;20.0000;LowOrHighOfLast2Candles;50;2.0000;0.000300;5.000000;3.000000;120;0.000000;8;19;1;9241.86170000;9241.86170000;0.00000000;83;11;0.13;758.1383;-758.1383;-1.0000;-9.134196
20200505;5;20.0000;LowOrHighOfLast2Candles;50;2.0000;0.000300;5.000000;3.000000;120;0.000000;8;19;1;8982.65438000;8982.65438000;0.00000000;98;12;0.12;1017.3456;-1017.3456;-1.0000;-10.381078
20200505;4;20.0000;LowOrHighOfLast2Candles;60;2.0000;0.000300;5.000000;3.000000;120;0.000000;8;19;1;9243.25161000;9243.25161000;0.00000000;73;8;0.11;756.7484;-756.7484;-1.0000;-10.366416
20200505;5;20.0000;LowOrHighOfLast2Candles;60;2.0000;0.000300;5.000000;3.000000;120;0.000000;8;19;1;9015.61398000;9015.61398000;0.00000000;89;9;0.10;984.3860;-984.3860;-1.0000;-11.060517
20200505;4;20.0000;LowOrHighOfLast2Candles;70;2.0000;0.000300;5.000000;3.000000;120;0.000000;8;19;1;9333.11263000;9333.11263000;0.00000000;60;6;0.10;666.8874;-666.8874;-1.0000;-11.114789
20200505;5;20.0000;LowOrHighOfLast2Candles;70;2.0000;0.000300;5.000000;3.000000;120;0.000000;8;19;1;8955.39263000;8955.39263000;0.00000000;75;5;0.07;1044.6074;-1044.6074;-1.0000;-13.928098
20200505;4;20.0000;LowOrHighOfLast2Candles;80;2.0000;0.000300;5.000000;3.000000;120;0.000000;8;19;1;9346.48000000;9346.48000000;0.00000000;51;4;0.08;653.5200;-653.5200;-1.0000;-12.814118
20200505;5;20.0000;LowOrHighOfLast2Candles;80;2.0000;0.000300;5.000000;3.000000;120;0.000000;8;19;1;8964.34000000;8964.34000000;0.00000000;66;3;0.05;1035.6600;-1035.6600;-1.0000;-15.691818
20200505;4;20.0000;LowOrHighOfLast2Candles;90;2.0000;0.000300;5.000000;3.000000;120;0.000000;8;19;1;9311.53000000;9311.53000000;0.00000000;44;2;0.05;688.4700;-688.4700;-1.0000;-15.647045
20200505;5;20.0000;LowOrHighOfLast2Candles;90;2.0000;0.000300;5.000000;3.000000;120;0.000000;8;19;1;8963.42000000;8963.42000000;0.00000000;57;1;0.02;1036.5800;-1036.5800;-1.0000;-18.185614
20200505;4;20.0000;LowOrHighOfLast2Candles;-30;2.0000;0.000300;5.000000;3.500000;120;0.000000;8;19;1;9828.03073000;9828.03073000;0.00000000;120;31;0.26;621.6211;-171.9693;-0.2766;-1.433077
20200505;5;20.0000;LowOrHighOfLast2Candles;-30;2.0000;0.000300;5.000000;3.500000;120;0.000000;8;19;1;9489.98476000;9489.98476000;0.00000000;150;35;0.23;675.9250;-510.0152;-0.7545;-3.400102
20200505;4;20.0000;LowOrHighOfLast2Candles;-20;2.0000;0.000300;5.000000;3.500000;120;0.000000;8;19;1;9596.17080000;9596.17080000;0.00000000;143;37;0.26;775.3952;-403.8292;-0.5208;-2.823980
20200505;5;20.0000;LowOrHighOfLast2Candles;-20;2.0000;0.000300;5.000000;3.500000;120;0.000000;8;19;1;9328.19899000;9328.19899000;0.00000000;172;38;0.22;751.1630;-671.8010;-0.8943;-3.905820
20200505;4;20.0000;LowOrHighOfLast2Candles;-10;2.0000;0.000300;5.000000;3.500000;120;0.000000;8;19;1;9646.48052000;9646.48052000;0.00000000;156;40;0.26;595.0592;-353.5195;-0.5941;-2.266151
20200505;5;20.0000;LowOrHighOfLast2Candles;-10;2.0000;0.000300;5.000000;3.500000;120;0.000000;8;19;1;9352.16548000;9352.16548000;0.00000000;191;45;0.24;749.7528;-647.8345;-0.8641;-3.391804
20200505;4;20.0000;LowOrHighOfLast2Candles;0;2.0000;0.000300;5.000000;3.500000;120;0.000000;8;19;1;9466.42506000;9466.42506000;0.00000000;163;38;0.23;684.4355;-533.5749;-0.7796;-3.273466
20200505;5;20.0000;LowOrHighOfLast2Candles;0;2.0000;0.000300;5.000000;3.500000;120;0.000000;8;19;1;9422.85920000;9422.85920000;0.00000000;195;46;0.24;748.4557;-577.1408;-0.7711;-2.959696
20200505;4;20.0000;LowOrHighOfLast2Candles;10;2.0000;0.000300;5.000000;3.500000;120;0.000000;8;19;1;9469.49560000;9469.49560000;0.00000000;150;33;0.22;728.5820;-530.5044;-0.7281;-3.536696
20200505;5;20.0000;LowOrHighOfLast2Candles;10;2.0000;0.000300;5.000000;3.500000;120;0.000000;8;19;1;9580.35781000;9580.35781000;0.00000000;184;44;0.24;625.5460;-419.6422;-0.6708;-2.280664
20200505;4;20.0000;LowOrHighOfLast2Candles;20;2.0000;0.000300;5.000000;3.500000;120;0.000000;8;19;1;9497.53517000;9497.53517000;0.00000000;137;31;0.23;710.0172;-502.4648;-0.7077;-3.667626
20200505;5;20.0000;LowOrHighOfLast2Candles;20;2.0000;0.000300;5.000000;3.500000;120;0.000000;8;19;1;9269.58767000;9269.58767000;0.00000000;162;34;0.21;855.5654;-730.4123;-0.8537;-4.508718
20200505;4;20.0000;LowOrHighOfLast2Candles;30;2.0000;0.000300;5.000000;3.500000;120;0.000000;8;19;1;9583.82757000;9583.82757000;0.00000000;109;21;0.19;595.8889;-416.1724;-0.6984;-3.818096
20200505;5;20.0000;LowOrHighOfLast2Candles;30;2.0000;0.000300;5.000000;3.500000;120;0.000000;8;19;1;9285.47288000;9285.47288000;0.00000000;138;25;0.18;806.0803;-714.5271;-0.8864;-5.177733
20200505;4;20.0000;LowOrHighOfLast2Candles;40;2.0000;0.000300;5.000000;3.500000;120;0.000000;8;19;1;9535.17431000;9535.17431000;0.00000000;97;17;0.18;669.6159;-464.8257;-0.6942;-4.792017
20200505;5;20.0000;LowOrHighOfLast2Candles;40;2.0000;0.000300;5.000000;3.500000;120;0.000000;8;19;1;9274.55746000;9274.55746000;0.00000000;118;19;0.16;800.8541;-725.4425;-0.9058;-6.147818
20200505;4;20.0000;LowOrHighOfLast2Candles;50;2.0000;0.000300;5.000000;3.500000;120;0.000000;8;19;1;9272.30294000;9272.30294000;0.00000000;83;11;0.13;727.6971;-727.6971;-1.0000;-8.767434
20200505;5;20.0000;LowOrHighOfLast2Candles;50;2.0000;0.000300;5.000000;3.500000;120;0.000000;8;19;1;8931.79458000;8931.79458000;0.00000000;96;10;0.10;1068.2054;-1068.2054;-1.0000;-11.127140
20200505;4;20.0000;LowOrHighOfLast2Candles;60;2.0000;0.000300;5.000000;3.500000;120;0.000000;8;19;1;9320.66205000;9320.66205000;0.00000000;73;8;0.11;679.3379;-679.3379;-1.0000;-9.305999
20200505;5;20.0000;LowOrHighOfLast2Candles;60;2.0000;0.000300;5.000000;3.500000;120;0.000000;8;19;1;9102.80442000;9102.80442000;0.00000000;89;9;0.10;897.1956;-897.1956;-1.0000;-10.080849
20200505;4;20.0000;LowOrHighOfLast2Candles;70;2.0000;0.000300;5.000000;3.500000;120;0.000000;8;19;1;9391.43263000;9391.43263000;0.00000000;60;6;0.10;608.5674;-608.5674;-1.0000;-10.142790
20200505;5;20.0000;LowOrHighOfLast2Candles;70;2.0000;0.000300;5.000000;3.500000;120;0.000000;8;19;1;8908.39263000;8908.39263000;0.00000000;75;4;0.05;1091.6074;-1091.6074;-1.0000;-14.554765
20200505;4;20.0000;LowOrHighOfLast2Candles;80;2.0000;0.000300;5.000000;3.500000;120;0.000000;8;19;1;9385.72000000;9385.72000000;0.00000000;51;4;0.08;614.2800;-614.2800;-1.0000;-12.044706
20200505;5;20.0000;LowOrHighOfLast2Candles;80;2.0000;0.000300;5.000000;3.500000;120;0.000000;8;19;1;8993.68000000;8993.68000000;0.00000000;66;3;0.05;1006.3200;-1006.3200;-1.0000;-15.247273
20200505;4;20.0000;LowOrHighOfLast2Candles;90;2.0000;0.000300;5.000000;3.500000;120;0.000000;8;19;1;9331.09000000;9331.09000000;0.00000000;44;2;0.05;668.9100;-668.9100;-1.0000;-15.202500
20200505;5;20.0000;LowOrHighOfLast2Candles;90;2.0000;0.000300;5.000000;3.500000;120;0.000000;8;19;1;8973.08000000;8973.08000000;0.00000000;57;1;0.02;1026.9200;-1026.9200;-1.0000;-18.016140
20200505;4;20.0000;LowOrHighOfLast2Candles;-30;2.0000;0.000300;5.000000;4.000000;120;0.000000;8;19;1;9819.57150000;9819.57150000;0.00000000;119;30;0.25;650.1906;-180.4285;-0.2775;-1.516206
20200505;5;20.0000;LowOrHighOfLast2Candles;-30;2.0000;0.000300;5.000000;4.000000;120;0.000000;8;19;1;9552.00420000;9552.00420000;0.00000000;150;35;0.23;657.5970;-447.9958;-0.6813;-2.986639
20200505;4;20.0000;LowOrHighOfLast2Candles;-20;2.0000;0.000300;5.000000;4.000000;120;0.000000;8;19;1;9586.47774000;9586.47774000;0.00000000;141;36;0.26;785.0822;-413.5223;-0.5267;-2.932782
20200505;5;20.0000;LowOrHighOfLast2Candles;-20;2.0000;0.000300;5.000000;4.000000;120;0.000000;8;19;1;9373.53143000;9373.53143000;0.00000000;170;38;0.22;770.2649;-626.4686;-0.8133;-3.685109
20200505;4;20.0000;LowOrHighOfLast2Candles;-10;2.0000;0.000300;5.000000;4.000000;120;0.000000;8;19;1;9581.32389000;9581.32389000;0.00000000;155;38;0.25;667.8950;-418.6761;-0.6269;-2.701136
20200505;5;20.0000;LowOrHighOfLast2Candles;-10;2.0000;0.000300;5.000000;4.000000;120;0.000000;8;19;1;9374.64439000;9374.64439000;0.00000000;189;43;0.23;755.3538;-625.3556;-0.8279;-3.308760
20200505;4;20.0000;LowOrHighOfLast2Candles;0;2.0000;0.000300;5.000000;4.000000;120;0.000000;8;19;1;9386.38633000;9386.38633000;0.00000000;163;36;0.22;786.6754;-613.6137;-0.7800;-3.764501
20200505;5;20.0000;LowOrHighOfLast2Candles;0;2.0000;0.000300;5.000000;4.000000;120;0.000000;8;19;1;9302.90621000;9302.90621000;0.00000000;193;43;0.22;795.5641;-697.0938;-0.8762;-3.611885
20200505;4;20.0000;LowOrHighOfLast2Candles;10;2.0000;0.000300;5.000000;4.000000;120;0.000000;8;19;1;9540.19214000;9540.19214000;0.00000000;147;31;0.21;672.4213;-459.8079;-0.6838;-3.127945
20200505;5;20.0000;LowOrHighOfLast2Candles;10;2.0000;0.000300;5.000000;4.000000;120;0.000000;8;19;1;9628.62303000;9628.62303000;0.00000000;183;43;0.23;617.9128;-371.3770;-0.6010;-2.029382
20200505;4;20.0000;LowOrHighOfLast2Candles;20;2.0000;0.000300;5.000000;4.000000;120;0.000000;8;19;1;9525.61669000;9525.61669000;0.00000000;137;30;0.22;738.7167;-474.3833;-0.6422;-3.462652
20200505;5;20.0000;LowOrHighOfLast2Candles;20;2.0000;0.000300;5.000000;4.000000;120;0.000000;8;19;1;9456.68032000;9456.68032000;0.00000000;160;34;0.21;760.5214;-543.3197;-0.7144;-3.395748
20200505;4;20.0000;LowOrHighOfLast2Candles;30;2.0000;0.000300;5.000000;4.000000;120;0.000000;8;19;1;9544.15089000;9544.15089000;0.00000000;109;20;0.18;644.5690;-455.8491;-0.7072;-4.182102
20200505;5;20.0000;LowOrHighOfLast2Candles;30;2.0000;0.000300;5.000000;4.000000;120;0.000000;8;19;1;9282.66753000;9282.66753000;0.00000000;137;24;0.18;777.9184;-717.3325;-0.9221;-5.236003
20200505;4;20.0000;LowOrHighOfLast2Candles;40;2.0000;0.000300;5.000000;4.000000;120;0.000000;8;19;1;9474.10437000;9474.10437000;0.00000000;97;16;0.16;741.0894;-525.8956;-0.7096;-5.421604
20200505;5;20.0000;LowOrHighOfLast2Candles;40;2.0000;0.000300;5.000000;4.000000;120;0.000000;8;19;1;9063.21571000;9063.21571000;0.00000000;117;16;0.14;1056.6331;-936.7843;-0.8866;-8.006703
20200505;4;20.0000;LowOrHighOfLast2Candles;50;2.0000;0.000300;5.000000;4.000000;120;0.000000;8;19;1;9360.22294000;9360.22294000;0.00000000;83;11;0.13;650.0848;-639.7771;-0.9841;-7.708157
20200505;5;20.0000;LowOrHighOfLast2Candles;50;2.0000;0.000300;5.000000;4.000000;120;0.000000;8;19;1;9009.85458000;9009.85458000;0.00000000;96;10;0.10;990.1454;-990.1454;-1.0000;-10.314015
20200505;4;20.0000;LowOrHighOfLast2Candles;60;2.0000;0.000300;5.000000;4.000000;120;0.000000;8;19;1;9250.45717000;9250.45717000;0.00000000;73;8;0.11;749.5428;-749.5428;-1.0000;-10.267710
20200505;5;20.0000;LowOrHighOfLast2Candles;60;2.0000;0.000300;5.000000;4.000000;120;0.000000;8;19;1;8925.36430000;8925.36430000;0.00000000;88;7;0.08;1074.6357;-1074.6357;-1.0000;-12.211769
20200505;4;20.0000;LowOrHighOfLast2Candles;70;2.0000;0.000300;5.000000;4.000000;120;0.000000;8;19;1;9448.87347000;9448.87347000;0.00000000;60;6;0.10;551.1265;-551.1265;-1.0000;-9.185442
20200505;5;20.0000;LowOrHighOfLast2Candles;70;2.0000;0.000300;5.000000;4.000000;120;0.000000;8;19;1;8946.89601000;8946.89601000;0.00000000;75;4;0.05;1053.1040;-1053.1040;-1.0000;-14.041387
20200505;4;20.0000;LowOrHighOfLast2Candles;80;2.0000;0.000300;5.000000;4.000000;120;0.000000;8;19;1;9425.05000000;9425.05000000;0.00000000;51;4;0.08;574.9500;-574.9500;-1.0000;-11.273529
20200505;5;20.0000;LowOrHighOfLast2Candles;80;2.0000;0.000300;5.000000;4.000000;120;0.000000;8;19;1;9023.44000000;9023.44000000;0.00000000;66;3;0.05;976.5600;-976.5600;-1.0000;-14.796364
20200505;4;20.0000;LowOrHighOfLast2Candles;90;2.0000;0.000300;5.000000;4.000000;120;0.000000;8;19;1;9351.56000000;9351.56000000;0.00000000;44;2;0.05;648.4400;-648.4400;-1.0000;-14.737273
20200505;5;20.0000;LowOrHighOfLast2Candles;90;2.0000;0.000300;5.000000;4.000000;120;0.000000;8;19;1;8983.20000000;8983.20000000;0.00000000;57;1;0.02;1016.8000;-1016.8000;-1.0000;-17.838596
