I_MagicNumber;I_ATRPeriod;I_AtRisk;I_StoplossMethod;I_ReversionPercent;I_StoplossATRMultiplier;I_TypicalSpread;I_MaxLotSize;I_RiskRewardRatio;I_LimitStopOrderExpiryMins;I_HiddenStoplossOffset;I_TradingStartHour;I_TradingEndHour;I_LogResultsInFile;End_Account_Balance;End_Account_Equity;Total P&L;NoTrades;NoWinTrades;WinRatio;MaxDrawdown;TotalTradeProfit;P&L_DD_Ratio;P&L_NoTrades_Ratio
20200505;4;20.0000;LowOrHighOfLast2Candles;-30;2.0000;0.000300;5.000000;1.500000;60;0.000000;8;19;1;10144.51758000;10144.51758000;0.00000000;200;80;0.40;297.7912;144.5176;0.4853;0.722588
20200505;5;20.0000;LowOrHighOfLast2Candles;-30;2.0000;0.000300;5.000000;1.500000;60;0.000000;8;19;1;9319.89911000;9319.89911000;0.00000000;251;86;0.34;870.9841;-680.1009;-0.7808;-2.709565
20200505;4;20.0000;LowOrHighOfLast2Candles;-20;2.0000;0.000300;5.000000;1.500000;60;0.000000;8;19;1;9694.59328000;9694.59328000;0.00000000;252;95;0.38;574.4214;-305.4067;-0.5317;-1.211931
20200505;5;20.0000;LowOrHighOfLast2Candles;-20;2.0000;0.000300;5.000000;1.500000;60;0.000000;8;19;1;9128.02677000;9128.02677000;0.00000000;312;106;0.34;1108.4653;-871.9732;-0.7866;-2.794786
20200505;4;20.0000;LowOrHighOfLast2Candles;-10;2.0000;0.000300;5.000000;1.500000;60;0.000000;8;19;1;9491.90967000;9491.90967000;0.00000000;278;100;0.36;663.8838;-508.0903;-0.7653;-1.827663
20200505;5;20.0000;LowOrHighOfLast2Candles;-10;2.0000;0.000300;5.000000;1.500000;60;0.000000;8;19;1;9101.80892000;9101.80892000;0.00000000;346;117;0.34;1058.1270;-898.1911;-0.8488;-2.595928
20200505;4;20.0000;LowOrHighOfLast2Candles;0;2.0000;0.000300;5.000000;1.500000;60;0.000000;8;19;1;8893.40513000;8893.40513000;0.00000000;286;90;0.31;1297.5025;-1106.5949;-0.8529;-3.869213
20200505;5;20.0000;LowOrHighOfLast2Candles;0;2.0000;0.000300;5.000000;1.500000;60;0.000000;8;19;1;8712.21229000;8712.21229000;0.00000000;362;115;0.32;1384.3597;-1287.7877;-0.9302;-3.557425
20200505;4;20.0000;LowOrHighOfLast2Candles;10;2.0000;0.000300;5.000000;1.500000;60;0.000000;8;19;1;9030.62815000;9030.62815000;0.00000000;244;76;0.31;1094.0616;-969.3719;-0.8860;-3.972835
20200505;5;20.0000;LowOrHighOfLast2Candles;10;2.0000;0.000300;5.000000;1.500000;60;0.000000;8;19;1;8871.16517000;8871.16517000;0.00000000;322;102;0.32;1165.6834;-1128.8348;-0.9684;-3.505698
20200505;4;20.0000;LowOrHighOfLast2Candles;20;2.0000;0.000300;5.000000;1.500000;60;0.000000;8;19;1;9131.86474000;9131.86474000;0.00000000;195;57;0.29;912.5953;-868.1353;-0.9513;-4.451976
20200505;5;20.0000;LowOrHighOfLast2Candles;20;2.0000;0.000300;5.000000;1.500000;60;0.000000;8;19;1;8929.57005000;8929.57005000;0.00000000;263;80;0.30;1087.6902;-1070.4300;-0.9841;-4.070076
20200505;4;20.0000;LowOrHighOfLast2Candles;30;2.0000;0.000300;5.000000;1.500000;60;0.000000;8;19;1;9393.13271000;9393.13271000;0.00000000;140;41;0.29;652.9273;-606.8673;-0.9295;-4.334766
20200505;5;20.0000;LowOrHighOfLast2Candles;30;2.0000;0.000300;5.000000;1.500000;60;0.000000;8;19;1;8755.99503000;8755.99503000;0.00000000;200;52;0.26;1252.6750;-1244.0050;-0.9931;-6.220025
20200505;4;20.0000;LowOrHighOfLast2Candles;40;2.0000;0.000300;5.000000;1.500000;60;0.000000;8;19;1;9260.89236000;9260.89236000;0.00000000;107;26;0.24;775.8276;-739.1076;-0.9527;-6.907548
20200505;5;20.0000;LowOrHighOfLast2Candles;40;2.0000;0.000300;5.000000;1.500000;60;0.000000;8;19;1;9031.57253000;9031.57253000;0.00000000;157;41;0.26;975.8575;-968.4275;-0.9924;-6.168328
20200505;4;20.0000;LowOrHighOfLast2Candles;50;2.0000;0.000300;5.000000;1.500000;60;0.000000;8;19;1;9234.35718000;9234.35718000;0.00000000;80;15;0.19;801.6028;-765.6428;-0.9551;-9.570535
20200505;5;20.0000;LowOrHighOfLast2Candles;50;2.0000;0.000300;5.000000;1.500000;60;0.000000;8;19;1;8755.46289000;8755.46289000;0.00000000;113;18;0.16;1244.5371;-1244.5371;-1.0000;-11.013603
20200505;4;20.0000;LowOrHighOfLast2Candles;60;2.0000;0.000300;5.000000;1.500000;60;0.000000;8;19;1;9421.84358000;9421.84358000;0.00000000;66;13;0.20;615.7764;-578.1564;-0.9389;-8.759946
20200505;5;20.0000;LowOrHighOfLast2Candles;60;2.0000;0.000300;5.000000;1.500000;60;0.000000;8;19;1;9001.49358000;9001.49358000;0.00000000;88;13;0.15;998.5064;-998.5064;-1.0000;-11.346664
20200505;4;20.0000;LowOrHighOfLast2Candles;70;2.0000;0.000300;5.000000;1.500000;60;0.000000;8;19;1;9464.53000000;9464.53000000;0.00000000;53;9;0.17;574.6100;-535.4700;-0.9319;-10.103208
20200505;5;20.0000;LowOrHighOfLast2Candles;70;2.0000;0.000300;5.000000;1.500000;60;0.000000;8;19;1;9118.48000000;9118.48000000;0.00000000;68;8;0.12;881.5200;-881.5200;-1.0000;-12.963529
20200505;4;20.0000;LowOrHighOfLast2Candles;80;2.0000;0.000300;5.000000;1.500000;60;0.000000;8;19;1;9425.76000000;9425.76000000;0.00000000;44;5;0.11;614.7200;-574.2400;-0.9341;-13.050909
20200505;5;20.0000;LowOrHighOfLast2Candles;80;2.0000;0.000300;5.000000;1.500000;60;0.000000;8;19;1;9143.29000000;9143.29000000;0.00000000;58;5;0.09;856.7100;-856.7100;-1.0000;-14.770862
20200505;4;20.0000;LowOrHighOfLast2Candles;90;2.0000;0.000300;5.000000;1.500000;60;0.000000;8;19;1;9492.68000000;9492.68000000;0.00000000;38;4;0.11;551.0600;-507.3200;-0.9206;-13.350526
20200505;5;20.0000;LowOrHighOfLast2Candles;90;2.0000;0.000300;5.000000;1.500000;60;0.000000;8;19;1;9230.45000000;9230.45000000;0.00000000;45;2;0.04;769.5500;-769.5500;-1.0000;-17.101111
20200505;4;20.0000;LowOrHighOfLast2Candles;-30;2.0000;0.000300;5.000000;2.000000;60;0.000000;8;19;1;10106.16742000;10106.16742000;0.00000000;195;67;0.34;303.3709;106.1674;0.3500;0.544448
20200505;5;20.0000;LowOrHighOfLast2Candles;-30;2.0000;0.000300;5.000000;2.000000;60;0.000000;8;19;1;9372.18913000;9372.18913000;0.00000000;247;76;0.31;906.0468;-627.8109;-0.6929;-2.541744
20200505;4;20.0000;LowOrHighOfLast2Candles;-20;2.0000;0.000300;5.000000;2.000000;60;0.000000;8;19;1;9736.50402000;9736.50402000;0.00000000;246;82;0.33;527.4616;-263.4960;-0.4996;-1.071122
20200505;5;20.0000;LowOrHighOfLast2Candles;-20;2.0000;0.000300;5.000000;2.000000;60;0.000000;8;19;1;9066.15532000;9066.15532000;0.00000000;310;92;0.30;1177.4978;-933.8447;-0.7931;-3.012402
20200505;4;20.0000;LowOrHighOfLast2Candles;-10;2.0000;0.000300;5.000000;2.000000;60;0.000000;8;19;1;9556.89907000;9556.89907000;0.00000000;274;88;0.32;624.9368;-443.1009;-0.7090;-1.617157
20200505;5;20.0000;LowOrHighOfLast2Candles;-10;2.0000;0.000300;5.000000;2.000000;60;0.000000;8;19;1;9162.55397000;9162.55397000;0.00000000;342;104;0.30;973.7362;-837.4460;-0.8600;-2.448673
20200505;4;20.0000;LowOrHighOfLast2Candles;0;2.0000;0.000300;5.000000;2.000000;60;0.000000;8;19;1;9270.37194000;9270.37194000;0.00000000;282;85;0.30;941.8316;-729.6281;-0.7747;-2.587334
20200505;5;20.0000;LowOrHighOfLast2Candles;0;2.0000;0.000300;5.000000;2.000000;60;0.000000;8;19;1;9178.73596000;9178.73596000;0.00000000;353;107;0.30;970.8269;-821.2640;-0.8459;-2.326527
20200505;4;20.0000;LowOrHighOfLast2Candles;10;2.0000;0.000300;5.000000;2.000000;60;0.000000;8;19;1;9451.88405000;9451.88405000;0.00000000;237;72;0.30;721.3556;-548.1159;-0.7598;-2.312726
20200505;5;20.0000;LowOrHighOfLast2Candles;10;2.0000;0.000300;5.000000;2.000000;60;0.000000;8;19;1;9206.45864000;9206.45864000;0.00000000;308;91;0.30;816.9127;-793.5414;-0.9714;-2.576433
20200505;4;20.0000;LowOrHighOfLast2Candles;20;2.0000;0.000300;5.000000;2.000000;60;0.000000;8;19;1;9137.56965000;9137.56965000;0.00000000;191;49;0.26;940.9003;-862.4303;-0.9166;-4.515342
20200505;5;20.0000;LowOrHighOfLast2Candles;20;2.0000;0.000300;5.000000;2.000000;60;0.000000;8;19;1;9024.13201000;9024.13201000;0.00000000;253;69;0.27;1033.9310;-975.8680;-0.9438;-3.857186
20200505;4;20.0000;LowOrHighOfLast2Candles;30;2.0000;0.000300;5.000000;2.000000;60;0.000000;8;19;1;9287.37917000;9287.37917000;0.00000000;140;33;0.24;788.2608;-712.6208;-0.9040;-5.090149
20200505;5;20.0000;LowOrHighOfLast2Candles;30;2.0000;0.000300;5.000000;2.000000;60;0.000000;8;19;1;8901.33306000;8901.33306000;0.00000000;197;47;0.24;1126.7769;-1098.6669;-0.9751;-5.576990
20200505;4;20.0000;LowOrHighOfLast2Candles;40;2.0000;0.000300;5.000000;2.000000;60;0.000000;8;19;1;9369.27176000;9369.27176000;0.00000000;107;24;0.22;677.1682;-630.7282;-0.9314;-5.894656
20200505;5;20.0000;LowOrHighOfLast2Candles;40;2.0000;0.000300;5.000000;2.000000;60;0.000000;8;19;1;9116.05969000;9116.05969000;0.00000000;157;37;0.24;883.9403;-883.9403;-1.0000;-5.630193
20200505;4;20.0000;LowOrHighOfLast2Candles;50;2.0000;0.000300;5.000000;2.000000;60;0.000000;8;19;1;9244.80290000;9244.80290000;0.00000000;80;13;0.16;803.9071;-755.1971;-0.9394;-9.439964
20200505;5;20.0000;LowOrHighOfLast2Candles;50;2.0000;0.000300;5.000000;2.000000;60;0.000000;8;19;1;8739.21861000;8739.21861000;0.00000000;112;15;0.13;1260.7814;-1260.7814;-1.0000;-11.256977
20200505;4;20.0000;LowOrHighOfLast2Candles;60;2.0000;0.000300;5.000000;2.000000;60;0.000000;8;19;1;9465.22358000;9465.22358000;0.00000000;66;12;0.18;584.5264;-534.7764;-0.9149;-8.102673
20200505;5;20.0000;LowOrHighOfLast2Candles;60;2.0000;0.000300;5.000000;2.000000;60;0.000000;8;19;1;9060.23358000;9060.23358000;0.00000000;88;12;0.14;939.7664;-939.7664;-1.0000;-10.679164
20200505;4;20.0000;LowOrHighOfLast2Candles;70;2.0000;0.000300;5.000000;2.000000;60;0.000000;8;19;1;9418.63000000;9418.63000000;0.00000000;53;7;0.13;630.3900;-581.3700;-0.9222;-10.969245
20200505;5;20.0000;LowOrHighOfLast2Candles;70;2.0000;0.000300;5.000000;2.000000;60;0.000000;8;19;1;9062.88000000;9062.88000000;0.00000000;68;6;0.09;937.1200;-937.1200;-1.0000;-13.781176
20200505;4;20.0000;LowOrHighOfLast2Candles;80;2.0000;0.000300;5.000000;2.000000;60;0.000000;8;19;1;9474.72000000;9474.72000000;0.00000000;44;5;0.11;575.4400;-525.2800;-0.9128;-11.938182
20200505;5;20.0000;LowOrHighOfLast2Candles;80;2.0000;0.000300;5.000000;2.000000;60;0.000000;8;19;1;9061.16000000;9061.16000000;0.00000000;58;3;0.05;938.8400;-938.8400;-1.0000;-16.186897
20200505;4;20.0000;LowOrHighOfLast2Candles;90;2.0000;0.000300;5.000000;2.000000;60;0.000000;8;19;1;9532.84000000;9532.84000000;0.00000000;38;4;0.11;521.1600;-467.1600;-0.8964;-12.293684
20200505;5;20.0000;LowOrHighOfLast2Candles;90;2.0000;0.000300;5.000000;2.000000;60;0.000000;8;19;1;9250.23000000;9250.23000000;0.00000000;45;2;0.04;749.7700;-749.7700;-1.0000;-16.661556
20200505;4;20.0000;LowOrHighOfLast2Candles;-30;2.0000;0.000300;5.000000;2.500000;60;0.000000;8;19;1;10130.37121000;10130.37121000;0.00000000;194;61;0.31;405.3737;130.3712;0.3216;0.672017
20200505;5;20.0000;LowOrHighOfLast2Candles;-30;2.0000;0.000300;5.000000;2.500000;60;0.000000;8;19;1;9149.99591000;9149.99591000;0.00000000;243;65;0.27;904.3833;-850.0041;-0.9399;-3.497959
20200505;4;20.0000;LowOrHighOfLast2Candles;-20;2.0000;0.000300;5.000000;2.500000;60;0.000000;8;19;1;9873.77221000;9873.77221000;0.00000000;242;76;0.31;468.0940;-126.2278;-0.2697;-0.521602
20200505;5;20.0000;LowOrHighOfLast2Candles;-20;2.0000;0.000300;5.000000;2.500000;60;0.000000;8;19;1;8849.54373000;8849.54373000;0.00000000;302;79;0.26;1211.3525;-1150.4563;-0.9497;-3.809458
20200505;4;20.0000;LowOrHighOfLast2Candles;-10;2.0000;0.000300;5.000000;2.500000;60;0.000000;8;19;1;9610.83631000;9610.83631000;0.00000000;268;81;0.30;524.7414;-389.1637;-0.7416;-1.452103
20200505;5;20.0000;LowOrHighOfLast2Candles;-10;2.0000;0.000300;5.000000;2.500000;60;0.000000;8;19;1;9148.80915000;9148.80915000;0.00000000;336;96;0.29;1066.4487;-851.1909;-0.7982;-2.533306
20200505;4;20.0000;LowOrHighOfLast2Candles;0;2.0000;0.000300;5.000000;2.500000;60;0.000000;8;19;1;9192.22136000;9192.22136000;0.00000000;279;76;0.27;956.5322;-807.7786;-0.8445;-2.895264
20200505;5;20.0000;LowOrHighOfLast2Candles;0;2.0000;0.000300;5.000000;2.500000;60;0.000000;8;19;1;8895.37515000;8895.37515000;0.00000000;348;93;0.27;1291.4594;-1104.6248;-0.8553;-3.174209
20200505;4;20.0000;LowOrHighOfLast2Candles;10;2.0000;0.000300;5.000000;2.500000;60;0.000000;8;19;1;9645.23907000;9645.23907000;0.00000000;236;67;0.28;537.1733;-354.7609;-0.6604;-1.503224
20200505;5;20.0000;LowOrHighOfLast2Candles;10;2.0000;0.000300;5.000000;2.500000;60;0.000000;8;19;1;9144.61350000;9144.61350000;0.00000000;302;79;0.26;865.8579;-855.3865;-0.9879;-2.832406
20200505;4;20.0000;LowOrHighOfLast2Candles;20;2.0000;0.000300;5.000000;2.500000;60;0.000000;8;19;1;9387.13670000;9387.13670000;0.00000000;189;47;0.25;715.8233;-612.8633;-0.8562;-3.242663
20200505;5;20.0000;LowOrHighOfLast2Candles;20;2.0000;0.000300;5.000000;2.500000;60;0.000000;8;19;1;9218.31748000;9218.31748000;0.00000000;247;64;0.26;846.8030;-781.6825;-0.9231;-3.164707
20200505;4;20.0000;LowOrHighOfLast2Candles;30;2.0000;0.000300;5.000000;2.500000;60;0.000000;8;19;1;9413.74715000;9413.74715000;0.00000000;138;31;0.22;691.7129;-586.2529;-0.8475;-4.248209
20200505;5;20.0000;LowOrHighOfLast2Candles;30;2.0000;0.000300;5.000000;2.500000;60;0.000000;8;19;1;9051.41036000;9051.41036000;0.00000000;194;44;0.23;996.3196;-948.5896;-0.9521;-4.889637
20200505;4;20.0000;LowOrHighOfLast2Candles;40;2.0000;0.000300;5.000000;2.500000;60;0.000000;8;19;1;9214.49553000;9214.49553000;0.00000000;106;19;0.18;841.9345;-785.5045;-0.9330;-7.410420
20200505;5;20.0000;LowOrHighOfLast2Candles;40;2.0000;0.000300;5.000000;2.500000;60;0.000000;8;19;1;9132.09185000;9132.09185000;0.00000000;154;33;0.21;867.9082;-867.9082;-1.0000;-5.635767
20200505;4;20.0000;LowOrHighOfLast2Candles;50;2.0000;0.000300;5.000000;2.500000;60;0.000000;8;19;1;9216.10290000;9216.10290000;0.00000000;80;11;0.14;861.0671;-783.8971;-0.9104;-9.798714
20200505;5;20.0000;LowOrHighOfLast2Candles;50;2.0000;0.000300;5.000000;2.500000;60;0.000000;8;19;1;8646.99861000;8646.99861000;0.00000000;112;12;0.11;1353.0014;-1353.0014;-1.0000;-12.080370
20200505;4;20.0000;LowOrHighOfLast2Candles;60;2.0000;0.000300;5.000000;2.500000;60;0.000000;8;19;1;9424.18124000;9424.18124000;0.00000000;66;10;0.15;644.5888;-575.8188;-0.8933;-8.724527
20200505;5;20.0000;LowOrHighOfLast2Candles;60;2.0000;0.000300;5.000000;2.500000;60;0.000000;8;19;1;8971.83124000;8971.83124000;0.00000000;87;9;0.10;1028.1688;-1028.1688;-1.0000;-11.818032
20200505;4;20.0000;LowOrHighOfLast2Candles;70;2.0000;0.000300;5.000000;2.500000;60;0.000000;8;19;1;9486.49000000;9486.49000000;0.00000000;53;7;0.13;572.4100;-513.5100;-0.8971;-9.688868
20200505;5;20.0000;LowOrHighOfLast2Candles;70;2.0000;0.000300;5.000000;2.500000;60;0.000000;8;19;1;9121.39000000;9121.39000000;0.00000000;68;6;0.09;878.6100;-878.6100;-1.0000;-12.920735
20200505;4;20.0000;LowOrHighOfLast2Candles;80;2.0000;0.000300;5.000000;2.500000;60;0.000000;8;19;1;9524.10000000;9524.10000000;0.00000000;44;5;0.11;535.7400;-475.9000;-0.8883;-10.815909
20200505;5;20.0000;LowOrHighOfLast2Candles;80;2.0000;0.000300;5.000000;2.500000;60;0.000000;8;19;1;9090.96000000;9090.96000000;0.00000000;58;3;0.05;909.0400;-909.0400;-1.0000;-15.673103
20200505;4;20.0000;LowOrHighOfLast2Candles;90;2.0000;0.000300;5.000000;2.500000;60;0.000000;8;19;1;9572.10000000;9572.10000000;0.00000000;38;4;0.11;493.5600;-427.9000;-0.8670;-11.260526
20200505;5;20.0000;LowOrHighOfLast2Candles;90;2.0000;0.000300;5.000000;2.500000;60;0.000000;8;19;1;9269.55000000;9269.55000000;0.00000000;45;2;0.04;731.8500;-730.4500;-0.9981;-16.232222
20200505;4;20.0000;LowOrHighOfLast2Candles;-30;2.0000;0.000300;5.000000;3.000000;60;0.000000;8;19;1;10124.25597000;10124.25597000;0.00000000;191;57;0.30;400.1168;124.2560;0.3105;0.650555
20200505;5;20.0000;LowOrHighOfLast2Candles;-30;2.0000;0.000300;5.000000;3.000000;60;0.000000;8;19;1;8830.10123000;8830.10123000;0.00000000;239;56;0.23;1220.4874;-1169.8988;-0.9586;-4.894974
20200505;4;20.0000;LowOrHighOfLast2Candles;-20;2.0000;0.000300;5.000000;3.000000;60;0.000000;8;19;1;9921.06949000;9921.06949000;0.00000000;238;70;0.29;548.2431;-78.9305;-0.1440;-0.331641
20200505;5;20.0000;LowOrHighOfLast2Candles;-20;2.0000;0.000300;5.000000;3.000000;60;0.000000;8;19;1;8730.22866000;8730.22866000;0.00000000;296;72;0.24;1317.5830;-1269.7713;-0.9637;-4.289768
20200505;4;20.0000;LowOrHighOfLast2Candles;-10;2.0000;0.000300;5.000000;3.000000;60;0.000000;8;19;1;9737.17229000;9737.17229000;0.00000000;265;78;0.29;515.3026;-262.8277;-0.5100;-0.991803
20200505;5;20.0000;LowOrHighOfLast2Candles;-10;2.0000;0.000300;5.000000;3.000000;60;0.000000;8;19;1;8945.57530000;8945.57530000;0.00000000;332;87;0.26;1098.1628;-1054.4247;-0.9602;-3.175978
20200505;4;20.0000;LowOrHighOfLast2Candles;0;2.0000;0.000300;5.000000;3.000000;60;0.000000;8;19;1;9305.05111000;9305.05111000;0.00000000;274;72;0.26;872.4325;-694.9489;-0.7966;-2.536310
20200505;5;20.0000;LowOrHighOfLast2Candles;0;2.0000;0.000300;5.000000;3.000000;60;0.000000;8;19;1;8694.38865000;8694.38865000;0.00000000;344;86;0.25;1422.3985;-1305.6113;-0.9179;-3.795382
20200505;4;20.0000;LowOrHighOfLast2Candles;10;2.0000;0.000300;5.000000;3.000000;60;0.000000;8;19;1;9585.02377000;9585.02377000;0.00000000;235;62;0.26;606.2359;-414.9762;-0.6845;-1.765856
20200505;5;20.0000;LowOrHighOfLast2Candles;10;2.0000;0.000300;5.000000;3.000000;60;0.000000;8;19;1;9141.77018000;9141.77018000;0.00000000;299;75;0.25;917.8033;-858.2298;-0.9351;-2.870334
20200505;4;20.0000;LowOrHighOfLast2Candles;20;2.0000;0.000300;5.000000;3.000000;60;0.000000;8;19;1;9466.50629000;9466.50629000;0.00000000;188;45;0.24;666.0937;-533.4937;-0.8009;-2.837732
20200505;5;20.0000;LowOrHighOfLast2Candles;20;2.0000;0.000300;5.000000;3.000000;60;0.000000;8;19;1;9136.41535000;9136.41535000;0.00000000;241;58;0.24;947.5951;-863.5846;-0.9113;-3.583339
20200505;4;20.0000;LowOrHighOfLast2Candles;30;2.0000;0.000300;5.000000;3.000000;60;0.000000;8;19;1;9608.33655000;9608.33655000;0.00000000;136;30;0.22;526.3235;-391.6635;-0.7441;-2.879878
20200505;5;20.0000;LowOrHighOfLast2Candles;30;2.0000;0.000300;5.000000;3.000000;60;0.000000;8;19;1;9325.14517000;9325.14517000;0.00000000;190;43;0.23;720.3850;-674.8548;-0.9368;-3.551868
20200505;4;20.0000;LowOrHighOfLast2Candles;40;2.0000;0.000300;5.000000;3.000000;60;0.000000;8;19;1;9355.54360000;9355.54360000;0.00000000;106;19;0.18;712.1064;-644.4564;-0.9050;-6.079777
20200505;5;20.0000;LowOrHighOfLast2Candles;40;2.0000;0.000300;5.000000;3.000000;60;0.000000;8;19;1;9394.48695000;9394.48695000;0.00000000;152;33;0.22;606.0331;-605.5131;-0.9991;-3.983638
20200505;4;20.0000;LowOrHighOfLast2Candles;50;2.0000;0.000300;5.000000;3.000000;60;0.000000;8;19;1;9197.80904000;9197.80904000;0.00000000;79;10;0.13;889.5410;-802.1910;-0.9018;-10.154316
20200505;5;20.0000;LowOrHighOfLast2Candles;50;2.0000;0.000300;5.000000;3.000000;60;0.000000;8;19;1;8589.13764000;8589.13764000;0.00000000;109;10;0.09;1410.8624;-1410.8624;-1.0000;-12.943691
20200505;4;20.0000;LowOrHighOfLast2Candles;60;2.0000;0.000300;5.000000;3.000000;60;0.000000;8;19;1;9429.16124000;9429.16124000;0.00000000;66;9;0.14;665.4088;-570.8388;-0.8579;-8.649072
20200505;5;20.0000;LowOrHighOfLast2Candles;60;2.0000;0.000300;5.000000;3.000000;60;0.000000;8;19;1;8977.39124000;8977.39124000;0.00000000;87;8;0.09;1028.7688;-1022.6088;-0.9940;-11.754124
20200505;4;20.0000;LowOrHighOfLast2Candles;70;2.0000;0.000300;5.000000;3.000000;60;0.000000;8;19;1;9470.89000000;9470.89000000;0.00000000;53;6;0.11;603.6000;-529.1100;-0.8766;-9.983208
20200505;5;20.0000;LowOrHighOfLast2Candles;70;2.0000;0.000300;5.000000;3.000000;60;0.000000;8;19;1;9007.28000000;9007.28000000;0.00000000;68;4;0.06;998.8200;-992.7200;-0.9939;-14.598824
20200505;4;20.0000;LowOrHighOfLast2Candles;80;2.0000;0.000300;5.000000;3.000000;60;0.000000;8;19;1;9573.48000000;9573.48000000;0.00000000;44;5;0.11;504.3500;-426.5200;-0.8457;-9.693636
20200505;5;20.0000;LowOrHighOfLast2Candles;80;2.0000;0.000300;5.000000;3.000000;60;0.000000;8;19;1;9120.76000000;9120.76000000;0.00000000;58;3;0.05;887.8300;-879.2400;-0.9903;-15.159310
20200505;4;20.0000;LowOrHighOfLast2Candles;90;2.0000;0.000300;5.000000;3.000000;60;0.000000;8;19;1;9612.14000000;9612.14000000;0.00000000;38;4;0.11;473.3600;-387.8600;-0.8194;-10.206842
20200505;5;20.0000;LowOrHighOfLast2Candles;90;2.0000;0.000300;5.000000;3.000000;60;0.000000;8;19;1;9289.75000000;9289.75000000;0.00000000;45;2;0.04;721.7700;-710.2500;-0.9840;-15.783333
20200505;4;20.0000;LowOrHighOfLast2Candles;-30;2.0000;0.000300;5.000000;3.500000;60;0.000000;8;19;1;10155.56488000;10155.56488000;0.00000000;189;55;0.29;372.2929;155.5649;0.4179;0.823095
20200505;5;20.0000;LowOrHighOfLast2Candles;-30;2.0000;0.000300;5.000000;3.500000;60;0.000000;8;19;1;8978.27219000;8978.27219000;0.00000000;235;54;0.23;1120.6264;-1021.7278;-0.9117;-4.347778
20200505;4;20.0000;LowOrHighOfLast2Candles;-20;2.0000;0.000300;5.000000;3.500000;60;0.000000;8;19;1;9777.97505000;9777.97505000;0.00000000;236;65;0.28;516.7426;-222.0250;-0.4297;-0.940784
20200505;5;20.0000;LowOrHighOfLast2Candles;-20;2.0000;0.000300;5.000000;3.500000;60;0.000000;8;19;1;8513.43479000;8513.43479000;0.00000000;292;65;0.22;1571.0669;-1486.5652;-0.9462;-5.090977
20200505;4;20.0000;LowOrHighOfLast2Candles;-10;2.0000;0.000300;5.000000;3.500000;60;0.000000;8;19;1;9593.38498000;9593.38498000;0.00000000;262;71;0.27;642.3103;-406.6150;-0.6331;-1.551966
20200505;5;20.0000;LowOrHighOfLast2Candles;-10;2.0000;0.000300;5.000000;3.500000;60;0.000000;8;19;1;8626.62249000;8626.62249000;0.00000000;328;80;0.24;1423.7361;-1373.3775;-0.9646;-4.187127
20200505;4;20.0000;LowOrHighOfLast2Candles;0;2.0000;0.000300;5.000000;3.500000;60;0.000000;8;19;1;9355.47214000;9355.47214000;0.00000000;267;66;0.25;850.7869;-644.5279;-0.7576;-2.413962
20200505;5;20.0000;LowOrHighOfLast2Candles;0;2.0000;0.000300;5.000000;3.500000;60;0.000000;8;19;1;8646.92247000;8646.92247000;0.00000000;341;81;0.24;1556.9005;-1353.0775;-0.8691;-3.967969
20200505;4;20.0000;LowOrHighOfLast2Candles;10;2.0000;0.000300;5.000000;3.500000;60;0.000000;8;19;1;9464.40843000;9464.40843000;0.00000000;233;57;0.24;766.0513;-535.5916;-0.6992;-2.298676
20200505;5;20.0000;LowOrHighOfLast2Candles;10;2.0000;0.000300;5.000000;3.500000;60;0.000000;8;19;1;9062.85366000;9062.85366000;0.00000000;297;71;0.24;1135.1874;-937.1463;-0.8255;-3.155375
20200505;4;20.0000;LowOrHighOfLast2Candles;20;2.0000;0.000300;5.000000;3.500000;60;0.000000;8;19;1;9491.55905000;9491.55905000;0.00000000;188;43;0.23;670.1209;-508.4409;-0.7587;-2.704473
20200505;5;20.0000;LowOrHighOfLast2Candles;20;2.0000;0.000300;5.000000;3.500000;60;0.000000;8;19;1;9091.06237000;9091.06237000;0.00000000;240;55;0.23;1011.8081;-908.9376;-0.8983;-3.787240
20200505;4;20.0000;LowOrHighOfLast2Candles;30;2.0000;0.000300;5.000000;3.500000;60;0.000000;8;19;1;9634.15627000;9634.15627000;0.00000000;135;29;0.21;530.3237;-365.8437;-0.6898;-2.709954
20200505;5;20.0000;LowOrHighOfLast2Candles;30;2.0000;0.000300;5.000000;3.500000;60;0.000000;8;19;1;9206.91341000;9206.91341000;0.00000000;190;40;0.21;864.5219;-793.0866;-0.9174;-4.174140
20200505;4;20.0000;LowOrHighOfLast2Candles;40;2.0000;0.000300;5.000000;3.500000;60;0.000000;8;19;1;9422.03408000;9422.03408000;0.00000000;106;18;0.17;665.0659;-577.9659;-0.8690;-5.452509
20200505;5;20.0000;LowOrHighOfLast2Candles;40;2.0000;0.000300;5.000000;3.500000;60;0.000000;8;19;1;9533.52996000;9533.52996000;0.00000000;152;32;0.21;477.6975;-466.4700;-0.9765;-3.068882
20200505;4;20.0000;LowOrHighOfLast2Candles;50;2.0000;0.000300;5.000000;3.500000;60;0.000000;8;19;1;9276.02904000;9276.02904000;0.00000000;79;10;0.13;830.6410;-723.9710;-0.8716;-9.164189
20200505;5;20.0000;LowOrHighOfLast2Candles;50;2.0000;0.000300;5.000000;3.500000;60;0.000000;8;19;1;8657.67342000;8657.67342000;0.00000000;109;10;0.09;1342.3266;-1342.3266;-1.0000;-12.314923
20200505;4;20.0000;LowOrHighOfLast2Candles;60;2.0000;0.000300;5.000000;3.500000;60;0.000000;8;19;1;9507.00208000;9507.00208000;0.00000000;66;9;0.14;616.4279;-492.9979;-0.7998;-7.469665
20200505;5;20.0000;LowOrHighOfLast2Candles;60;2.0000;0.000300;5.000000;3.500000;60;0.000000;8;19;1;9056.02208000;9056.02208000;0.00000000;87;8;0.09;959.9779;-943.9779;-0.9833;-10.850321
20200505;4;20.0000;LowOrHighOfLast2Candles;70;2.0000;0.000300;5.000000;3.500000;60;0.000000;8;19;1;9529.23000000;9529.23000000;0.00000000;53;6;0.11;564.6600;-470.7700;-0.8337;-8.882453
20200505;5;20.0000;LowOrHighOfLast2Candles;70;2.0000;0.000300;5.000000;3.500000;60;0.000000;8;19;1;9046.12000000;9046.12000000;0.00000000;68;4;0.06;969.5000;-953.8800;-0.9839;-14.027647
20200505;4;20.0000;LowOrHighOfLast2Candles;80;2.0000;0.000300;5.000000;3.500000;60;0.000000;8;19;1;9622.57000000;9622.57000000;0.00000000;44;5;0.11;475.1800;-377.4300;-0.7943;-8.577955
20200505;5;20.0000;LowOrHighOfLast2Candles;80;2.0000;0.000300;5.000000;3.500000;60;0.000000;8;19;1;9149.83000000;9149.83000000;0.00000000;58;3;0.05;868.5600;-850.1700;-0.9788;-14.658103
20200505;4;20.0000;LowOrHighOfLast2Candles;90;2.0000;0.000300;5.000000;3.500000;60;0.000000;8;19;1;9651.40000000;9651.40000000;0.00000000;38;4;0.11;454.0200;-348.6000;-0.7678;-9.173684
20200505;5;20.0000;LowOrHighOfLast2Candles;90;2.0000;0.000300;5.000000;3.500000;60;0.000000;8;19;1;9309.07000000;9309.07000000;0.00000000;45;2;0.04;712.1100;-690.9300;-0.9703;-15.354000
20200505;4;20.0000;LowOrHighOfLast2Candles;-30;2.0000;0.000300;5.000000;4.000000;60;0.000000;8;19;1;10164.21126000;10164.21126000;0.00000000;187;54;0.29;375.5008;164.2113;0.4373;0.878135
20200505;5;20.0000;LowOrHighOfLast2Candles;-30;2.0000;0.000300;5.000000;4.000000;60;0.000000;8;19;1;8996.81365000;8996.81365000;0.00000000;233;52;0.22;1131.2449;-1003.1864;-0.8868;-4.305521
20200505;4;20.0000;LowOrHighOfLast2Candles;-20;2.0000;0.000300;5.000000;4.000000;60;0.000000;8;19;1;9854.69094000;9854.69094000;0.00000000;233;64;0.27;498.2670;-145.3091;-0.2916;-0.623644
20200505;5;20.0000;LowOrHighOfLast2Candles;-20;2.0000;0.000300;5.000000;4.000000;60;0.000000;8;19;1;8658.26595000;8658.26595000;0.00000000;291;65;0.22;1444.7957;-1341.7340;-0.9287;-4.610770
20200505;4;20.0000;LowOrHighOfLast2Candles;-10;2.0000;0.000300;5.000000;4.000000;60;0.000000;8;19;1;9581.92571000;9581.92571000;0.00000000;261;68;0.26;669.9939;-418.0743;-0.6240;-1.601817
20200505;5;20.0000;LowOrHighOfLast2Candles;-10;2.0000;0.000300;5.000000;4.000000;60;0.000000;8;19;1;8763.69417000;8763.69417000;0.00000000;325;78;0.24;1296.7445;-1236.3058;-0.9534;-3.804018
20200505;4;20.0000;LowOrHighOfLast2Candles;0;2.0000;0.000300;5.000000;4.000000;60;0.000000;8;19;1;9270.83635000;9270.83635000;0.00000000;265;62;0.23;905.2673;-729.1637;-0.8055;-2.751561
20200505;5;20.0000;LowOrHighOfLast2Candles;0;2.0000;0.000300;5.000000;4.000000;60;0.000000;8;19;1;8506.40800000;8506.40800000;0.00000000;336;77;0.23;1595.4495;-1493.5920;-0.9362;-4.445214
20200505;4;20.0000;LowOrHighOfLast2Candles;10;2.0000;0.000300;5.000000;4.000000;60;0.000000;8;19;1;9623.70141000;9623.70141000;0.00000000;227;54;0.24;645.7588;-376.2986;-0.5827;-1.657703
20200505;5;20.0000;LowOrHighOfLast2Candles;10;2.0000;0.000300;5.000000;4.000000;60;0.000000;8;19;1;9111.39484000;9111.39484000;0.00000000;295;69;0.23;1155.0194;-888.6052;-0.7693;-3.012221
20200505;4;20.0000;LowOrHighOfLast2Candles;20;2.0000;0.000300;5.000000;4.000000;60;0.000000;8;19;1;9387.94695000;9387.94695000;0.00000000;188;40;0.21;803.1530;-612.0530;-0.7621;-3.255601
20200505;5;20.0000;LowOrHighOfLast2Candles;20;2.0000;0.000300;5.000000;4.000000;60;0.000000;8;19;1;9105.42991000;9105.42991000;0.00000000;238;53;0.22;922.0457;-894.5701;-0.9702;-3.758698
20200505;4;20.0000;LowOrHighOfLast2Candles;30;2.0000;0.000300;5.000000;4.000000;60;0.000000;8;19;1;9521.85080000;9521.85080000;0.00000000;135;27;0.20;672.3492;-478.1492;-0.7112;-3.541846
20200505;5;20.0000;LowOrHighOfLast2Candles;30;2.0000;0.000300;5.000000;4.000000;60;0.000000;8;19;1;9052.74924000;9052.74924000;0.00000000;189;37;0.20;1011.9045;-947.2508;-0.9361;-5.011909
20200505;4;20.0000;LowOrHighOfLast2Candles;40;2.0000;0.000300;5.000000;4.000000;60;0.000000;8;19;1;9435.22757000;9435.22757000;0.00000000;106;17;0.16;672.6330;-564.7724;-0.8396;-5.328042
20200505;5;20.0000;LowOrHighOfLast2Candles;40;2.0000;0.000300;5.000000;4.000000;60;0.000000;8;19;1;9427.91164000;9427.91164000;0.00000000;152;29;0.19;623.5889;-572.0884;-0.9174;-3.763739
20200505;4;20.0000;LowOrHighOfLast2Candles;50;2.0000;0.000300;5.000000;4.000000;60;0.000000;8;19;1;9274.08711000;9274.08711000;0.00000000;79;10;0.13;852.0629;-725.9129;-0.8519;-9.188771
20200505;5;20.0000;LowOrHighOfLast2Candles;50;2.0000;0.000300;5.000000;4.000000;60;0.000000;8;19;1;8726.07402000;8726.07402000;0.00000000;109;10;0.09;1273.9260;-1273.9260;-1.0000;-11.687394
20200505;4;20.0000;LowOrHighOfLast2Candles;60;2.0000;0.000300;5.000000;4.000000;60;0.000000;8;19;1;9509.96208000;9509.96208000;0.00000000;66;9;0.14;616.3779;-490.0379;-0.7950;-7.424817
20200505;5;20.0000;LowOrHighOfLast2Candles;60;2.0000;0.000300;5.000000;4.000000;60;0.000000;8;19;1;9058.89798000;9058.89798000;0.00000000;87;8;0.09;941.1020;-941.1020;-1.0000;-10.817265
20200505;4;20.0000;LowOrHighOfLast2Candles;70;2.0000;0.000300;5.000000;4.000000;60;0.000000;8;19;1;9485.88000000;9485.88000000;0.00000000;53;5;0.09;627.6900;-514.1200;-0.8191;-9.700377
20200505;5;20.0000;LowOrHighOfLast2Candles;70;2.0000;0.000300;5.000000;4.000000;60;0.000000;8;19;1;8983.27000000;8983.27000000;0.00000000;68;3;0.04;1042.1500;-1016.7300;-0.9756;-14.951912
20200505;4;20.0000;LowOrHighOfLast2Candles;80;2.0000;0.000300;5.000000;4.000000;60;0.000000;8;19;1;9671.95000000;9671.95000000;0.00000000;44;5;0.11;445.2800;-328.0500;-0.7367;-7.455682
20200505;5;20.0000;LowOrHighOfLast2Candles;80;2.0000;0.000300;5.000000;4.000000;60;0.000000;8;19;1;9179.63000000;9179.63000000;0.00000000;58;3;0.05;848.5600;-820.3700;-0.9668;-14.144310
20200505;4;20.0000;LowOrHighOfLast2Candles;90;2.0000;0.000300;5.000000;4.000000;60;0.000000;8;19;1;9691.12000000;9691.12000000;0.00000000;38;4;0.11;434.6800;-308.8800;-0.7106;-8.128421
20200505;5;20.0000;LowOrHighOfLast2Candles;90;2.0000;0.000300;5.000000;4.000000;60;0.000000;8;19;1;9328.85000000;9328.85000000;0.00000000;45;2;0.04;702.4500;-671.1500;-0.9554;-14.914444
20200505;4;20.0000;LowOrHighOfLast2Candles;-30;2.0000;0.000300;5.000000;1.500000;120;0.000000;8;19;1;9946.63676000;9946.63676000;0.00000000;221;84;0.38;459.6895;-53.3632;-0.1161;-0.241463
20200505;5;20.0000;LowOrHighOfLast2Candles;-30;2.0000;0.000300;5.000000;1.500000;120;0.000000;8;19;1;9299.92717000;9299.92717000;0.00000000;279;95;0.34;845.3378;-700.0728;-0.8282;-2.509222
20200505;4;20.0000;LowOrHighOfLast2Candles;-20;2.0000;0.000300;5.000000;1.500000;120;0.000000;8;19;1;9540.37430000;9540.37430000;0.00000000;272;102;0.38;623.3692;-459.6257;-0.7373;-1.689800
20200505;5;20.0000;LowOrHighOfLast2Candles;-20;2.0000;0.000300;5.000000;1.500000;120;0.000000;8;19;1;9054.69107000;9054.69107000;0.00000000;332;113;0.34;1081.8938;-945.3089;-0.8738;-2.847316
20200505;4;20.0000;LowOrHighOfLast2Candles;-10;2.0000;0.000300;5.000000;1.500000;120;0.000000;8;19;1;9452.91063000;9452.91063000;0.00000000;294;107;0.36;730.7228;-547.0894;-0.7487;-1.860848
20200505;5;20.0000;LowOrHighOfLast2Candles;-10;2.0000;0.000300;5.000000;1.500000;120;0.000000;8;19;1;8844.72533000;8844.72533000;0.00000000;365;120;0.33;1276.9706;-1155.2747;-0.9047;-3.165136
20200505;4;20.0000;LowOrHighOfLast2Candles;0;2.0000;0.000300;5.000000;1.500000;120;0.000000;8;19;1;8700.71262000;8700.71262000;0.00000000;303;94;0.31;1490.1950;-1299.2874;-0.8719;-4.288077
20200505;5;20.0000;LowOrHighOfLast2Candles;0;2.0000;0.000300;5.000000;1.500000;120;0.000000;8;19;1;8604.13162000;8604.13162000;0.00000000;385;122;0.32;1482.7303;-1395.8684;-0.9414;-3.625632
20200505;4;20.0000;LowOrHighOfLast2Candles;10;2.0000;0.000300;5.000000;1.500000;120;0.000000;8;19;1;8681.74963000;8681.74963000;0.00000000;278;83;0.30;1460.3201;-1318.2504;-0.9027;-4.741908
20200505;5;20.0000;LowOrHighOfLast2Candles;10;2.0000;0.000300;5.000000;1.500000;120;0.000000;8;19;1;8757.06207000;8757.06207000;0.00000000;362;116;0.32;1279.7865;-1242.9379;-0.9712;-3.433530
20200505;4;20.0000;LowOrHighOfLast2Candles;20;2.0000;0.000300;5.000000;1.500000;120;0.000000;8;19;1;8928.77396000;8928.77396000;0.00000000;251;75;0.30;1162.6060;-1071.2260;-0.9214;-4.267833
20200505;5;20.0000;LowOrHighOfLast2Candles;20;2.0000;0.000300;5.000000;1.500000;120;0.000000;8;19;1;8626.18456000;8626.18456000;0.00000000;315;94;0.30;1411.6354;-1373.8154;-0.9732;-4.361319
20200505;4;20.0000;LowOrHighOfLast2Candles;30;2.0000;0.000300;5.000000;1.500000;120;0.000000;8;19;1;8892.81583000;8892.81583000;0.00000000;210;57;0.27;1200.8142;-1107.1842;-0.9220;-5.272306
20200505;5;20.0000;LowOrHighOfLast2Candles;30;2.0000;0.000300;5.000000;1.500000;120;0.000000;8;19;1;8253.20842000;8253.20842000;0.00000000;271;68;0.25;1774.0516;-1746.7916;-0.9846;-6.445725
20200505;4;20.0000;LowOrHighOfLast2Candles;40;2.0000;0.000300;5.000000;1.500000;120;0.000000;8;19;1;8838.78642000;8838.78642000;0.00000000;184;46;0.25;1218.7036;-1161.2136;-0.9528;-6.310943
20200505;5;20.0000;LowOrHighOfLast2Candles;40;2.0000;0.000300;5.000000;1.500000;120;0.000000;8;19;1;8248.72031000;8248.72031000;0.00000000;232;53;0.23;1777.7597;-1751.2797;-0.9851;-7.548619
20200505;4;20.0000;LowOrHighOfLast2Candles;50;2.0000;0.000300;5.000000;1.500000;120;0.000000;8;19;1;8639.59915000;8639.59915000;0.00000000;159;33;0.21;1421.5909;-1360.4009;-0.9570;-8.555980
20200505;5;20.0000;LowOrHighOfLast2Candles;50;2.0000;0.000300;5.000000;1.500000;120;0.000000;8;19;1;7947.90403000;7947.90403000;0.00000000;201;36;0.18;2052.0960;-2052.0960;-1.0000;-10.209433
20200505;4;20.0000;LowOrHighOfLast2Candles;60;2.0000;0.000300;5.000000;1.500000;120;0.000000;8;19;1;8640.63146000;8640.63146000;0.00000000;136;24;0.18;1396.9885;-1359.3685;-0.9731;-9.995357
20200505;5;20.0000;LowOrHighOfLast2Candles;60;2.0000;0.000300;5.000000;1.500000;120;0.000000;8;19;1;7838.80724000;7838.80724000;0.00000000;176;24;0.14;2161.1928;-2161.1928;-1.0000;-12.279504
20200505;4;20.0000;LowOrHighOfLast2Candles;70;2.0000;0.000300;5.000000;1.500000;120;0.000000;8;19;1;8936.48313000;8936.48313000;0.00000000;111;20;0.18;1102.6569;-1063.5169;-0.9645;-9.581233
20200505;5;20.0000;LowOrHighOfLast2Candles;70;2.0000;0.000300;5.000000;1.500000;120;0.000000;8;19;1;7976.17626000;7976.17626000;0.00000000;149;16;0.11;2023.8237;-2023.8237;-1.0000;-13.582710
20200505;4;20.0000;LowOrHighOfLast2Candles;80;2.0000;0.000300;5.000000;1.500000;120;0.000000;8;19;1;8626.76000000;8626.76000000;0.00000000;99;10;0.10;1413.7200;-1373.2400;-0.9714;-13.871111
20200505;5;20.0000;LowOrHighOfLast2Candles;80;2.0000;0.000300;5.000000;1.500000;120;0.000000;8;19;1;7858.46000000;7858.46000000;0.00000000;132;8;0.06;2141.5400;-2141.5400;-1.0000;-16.223788
20200505;4;20.0000;LowOrHighOfLast2Candles;90;2.0000;0.000300;5.000000;1.500000;120;0.000000;8;19;1;8643.47000000;8643.47000000;0.00000000;87;6;0.07;1400.2700;-1356.5300;-0.9688;-15.592299
20200505;5;20.0000;LowOrHighOfLast2Candles;90;2.0000;0.000300;5.000000;1.500000;120;0.000000;8;19;1;7904.50000000;7904.50000000;0.00000000;118;4;0.03;2095.5000;-2095.5000;-1.0000;-17.758475
20200505;4;20.0000;LowOrHighOfLast2Candles;-30;2.0000;0.000300;5.000000;2.000000;120;0.000000;8;19;1;10119.44029000;10119.44029000;0.00000000;216;75;0.35;423.2272;119.4403;0.2822;0.552964
20200505;5;20.0000;LowOrHighOfLast2Candles;-30;2.0000;0.000300;5.000000;2.000000;120;0.000000;8;19;1;9417.96363000;9417.96363000;0.00000000;273;85;0.31;804.5871;-582.0364;-0.7234;-2.132001
20200505;4;20.0000;LowOrHighOfLast2Candles;-20;2.0000;0.000300;5.000000;2.000000;120;0.000000;8;19;1;9612.28531000;9612.28531000;0.00000000;265;89;0.34;580.2420;-387.7147;-0.6682;-1.463074
20200505;5;20.0000;LowOrHighOfLast2Candles;-20;2.0000;0.000300;5.000000;2.000000;120;0.000000;8;19;1;9035.26495000;9035.26495000;0.00000000;329;99;0.30;1136.4480;-964.7350;-0.8489;-2.932325
20200505;4;20.0000;LowOrHighOfLast2Candles;-10;2.0000;0.000300;5.000000;2.000000;120;0.000000;8;19;1;9565.16319000;9565.16319000;0.00000000;289;95;0.33;547.8857;-434.8368;-0.7937;-1.504626
20200505;5;20.0000;LowOrHighOfLast2Candles;-10;2.0000;0.000300;5.000000;2.000000;120;0.000000;8;19;1;8946.11050000;8946.11050000;0.00000000;360;107;0.30;1151.9396;-1053.8895;-0.9149;-2.927471
20200505;4;20.0000;LowOrHighOfLast2Candles;0;2.0000;0.000300;5.000000;2.000000;120;0.000000;8;19;1;9041.41522000;9041.41522000;0.00000000;299;88;0.29;1170.7884;-958.5848;-0.8188;-3.205969
20200505;5;20.0000;LowOrHighOfLast2Candles;0;2.0000;0.000300;5.000000;2.000000;120;0.000000;8;19;1;8933.06592000;8933.06592000;0.00000000;374;110;0.29;1160.3347;-1066.9341;-0.9195;-2.852765
20200505;4;20.0000;LowOrHighOfLast2Candles;10;2.0000;0.000300;5.000000;2.000000;120;0.000000;8;19;1;8978.39777000;8978.39777000;0.00000000;273;77;0.28;1212.2219;-1021.6022;-0.8428;-3.742133
20200505;5;20.0000;LowOrHighOfLast2Candles;10;2.0000;0.000300;5.000000;2.000000;120;0.000000;8;19;1;8990.34370000;8990.34370000;0.00000000;349;101;0.29;1033.0277;-1009.6563;-0.9774;-2.892998
20200505;4;20.0000;LowOrHighOfLast2Candles;20;2.0000;0.000300;5.000000;2.000000;120;0.000000;8;19;1;8839.94895000;8839.94895000;0.00000000;246;63;0.26;1293.9849;-1160.0510;-0.8965;-4.715655
20200505;5;20.0000;LowOrHighOfLast2Candles;20;2.0000;0.000300;5.000000;2.000000;120;0.000000;8;19;1;8672.19108000;8672.19108000;0.00000000;307;80;0.26;1422.3956;-1327.8089;-0.9335;-4.325110
20200505;4;20.0000;LowOrHighOfLast2Candles;30;2.0000;0.000300;5.000000;2.000000;120;0.000000;8;19;1;8734.21721000;8734.21721000;0.00000000;210;46;0.22;1397.8407;-1265.7828;-0.9055;-6.027537
20200505;5;20.0000;LowOrHighOfLast2Candles;30;2.0000;0.000300;5.000000;2.000000;120;0.000000;8;19;1;8353.15673000;8353.15673000;0.00000000;269;60;0.22;1707.9864;-1646.8433;-0.9642;-6.122094
20200505;4;20.0000;LowOrHighOfLast2Candles;40;2.0000;0.000300;5.000000;2.000000;120;0.000000;8;19;1;8856.50132000;8856.50132000;0.00000000;183;39;0.21;1229.3187;-1143.4987;-0.9302;-6.248627
20200505;5;20.0000;LowOrHighOfLast2Candles;40;2.0000;0.000300;5.000000;2.000000;120;0.000000;8;19;1;8083.55163000;8083.55163000;0.00000000;232;43;0.19;1917.4284;-1916.4484;-0.9995;-8.260553
20200505;4;20.0000;LowOrHighOfLast2Candles;50;2.0000;0.000300;5.000000;2.000000;120;0.000000;8;19;1;8829.52487000;8829.52487000;0.00000000;158;31;0.20;1260.8451;-1170.4751;-0.9283;-7.408070
20200505;5;20.0000;LowOrHighOfLast2Candles;50;2.0000;0.000300;5.000000;2.000000;120;0.000000;8;19;1;8092.44011000;8092.44011000;0.00000000;199;33;0.17;1907.5599;-1907.5599;-1.0000;-9.585728
20200505;4;20.0000;LowOrHighOfLast2Candles;60;2.0000;0.000300;5.000000;2.000000;120;0.000000;8;19;1;8717.06146000;8717.06146000;0.00000000;136;22;0.16;1332.6885;-1282.9385;-0.9627;-9.433372
20200505;5;20.0000;LowOrHighOfLast2Candles;60;2.0000;0.000300;5.000000;2.000000;120;0.000000;8;19;1;7920.60888000;7920.60888000;0.00000000;176;22;0.13;2087.0011;-2079.3911;-0.9964;-11.814722
20200505;4;20.0000;LowOrHighOfLast2Candles;70;2.0000;0.000300;5.000000;2.000000;120;0.000000;8;19;1;8930.53263000;8930.53263000;0.00000000;111;17;0.15;1126.6474;-1069.4674;-0.9492;-9.634841
20200505;5;20.0000;LowOrHighOfLast2Candles;70;2.0000;0.000300;5.000000;2.000000;120;0.000000;8;19;1;7931.00576000;7931.00576000;0.00000000;149;13;0.09;2078.0642;-2068.9942;-0.9956;-13.885867
20200505;4;20.0000;LowOrHighOfLast2Candles;80;2.0000;0.000300;5.000000;2.000000;120;0.000000;8;19;1;8724.42000000;8724.42000000;0.00000000;99;10;0.10;1331.3000;-1275.5800;-0.9581;-12.884646
20200505;5;20.0000;LowOrHighOfLast2Candles;80;2.0000;0.000300;5.000000;2.000000;120;0.000000;8;19;1;7805.71000000;7805.71000000;0.00000000;132;6;0.05;2194.2900;-2194.2900;-1.0000;-16.623409
20200505;4;20.0000;LowOrHighOfLast2Candles;90;2.0000;0.000300;5.000000;2.000000;120;0.000000;8;19;1;8703.33000000;8703.33000000;0.00000000;87;6;0.07;1350.6700;-1296.6700;-0.9600;-14.904253
20200505;5;20.0000;LowOrHighOfLast2Candles;90;2.0000;0.000300;5.000000;2.000000;120;0.000000;8;19;1;7944.02000000;7944.02000000;0.00000000;118;4;0.03;2055.9800;-2055.9800;-1.0000;-17.423559
20200505;4;20.0000;LowOrHighOfLast2Candles;-30;2.0000;0.000300;5.000000;2.500000;120;0.000000;8;19;1;10123.40833000;10123.40833000;0.00000000;213;67;0.31;415.3975;123.4083;0.2971;0.579382
20200505;5;20.0000;LowOrHighOfLast2Candles;-30;2.0000;0.000300;5.000000;2.500000;120;0.000000;8;19;1;9289.13586000;9289.13586000;0.00000000;270;75;0.28;799.0534;-710.8641;-0.8896;-2.632830
20200505;4;20.0000;LowOrHighOfLast2Candles;-20;2.0000;0.000300;5.000000;2.500000;120;0.000000;8;19;1;9829.72937000;9829.72937000;0.00000000;261;84;0.32;557.0922;-170.2706;-0.3056;-0.652378
20200505;5;20.0000;LowOrHighOfLast2Candles;-20;2.0000;0.000300;5.000000;2.500000;120;0.000000;8;19;1;8937.01473000;8937.01473000;0.00000000;323;88;0.27;1107.8890;-1062.9853;-0.9595;-3.290976
20200505;4;20.0000;LowOrHighOfLast2Candles;-10;2.0000;0.000300;5.000000;2.500000;120;0.000000;8;19;1;9601.63357000;9601.63357000;0.00000000;283;87;0.31;552.3084;-398.3664;-0.7213;-1.407655
20200505;5;20.0000;LowOrHighOfLast2Candles;-10;2.0000;0.000300;5.000000;2.500000;120;0.000000;8;19;1;9056.37613000;9056.37613000;0.00000000;355;101;0.28;1120.6417;-943.6239;-0.8420;-2.658095
20200505;4;20.0000;LowOrHighOfLast2Candles;0;2.0000;0.000300;5.000000;2.500000;120;0.000000;8;19;1;8973.19681000;8973.19681000;0.00000000;296;79;0.27;1175.5568;-1026.8032;-0.8735;-3.468930
20200505;5;20.0000;LowOrHighOfLast2Candles;0;2.0000;0.000300;5.000000;2.500000;120;0.000000;8;19;1;8718.95680000;8718.95680000;0.00000000;370;97;0.26;1411.7156;-1281.0432;-0.9074;-3.462279
20200505;4;20.0000;LowOrHighOfLast2Candles;10;2.0000;0.000300;5.000000;2.500000;120;0.000000;8;19;1;9152.86279000;9152.86279000;0.00000000;272;72;0.26;1016.8969;-847.1372;-0.8331;-3.114475
20200505;5;20.0000;LowOrHighOfLast2Candles;10;2.0000;0.000300;5.000000;2.500000;120;0.000000;8;19;1;8910.48856000;8910.48856000;0.00000000;343;88;0.26;1099.9828;-1089.5114;-0.9905;-3.176418
20200505;4;20.0000;LowOrHighOfLast2Candles;20;2.0000;0.000300;5.000000;2.500000;120;0.000000;8;19;1;9090.58512000;9090.58512000;0.00000000;245;60;0.24;1076.5988;-909.4149;-0.8447;-3.711897
20200505;5;20.0000;LowOrHighOfLast2Candles;20;2.0000;0.000300;5.000000;2.500000;120;0.000000;8;19;1;8840.85125000;8840.85125000;0.00000000;303;74;0.24;1219.1326;-1159.1487;-0.9508;-3.825573
20200505;4;20.0000;LowOrHighOfLast2Candles;30;2.0000;0.000300;5.000000;2.500000;120;0.000000;8;19;1;8908.86586000;8908.86586000;0.00000000;208;43;0.21;1262.1120;-1091.1341;-0.8645;-5.245837
20200505;5;20.0000;LowOrHighOfLast2Candles;30;2.0000;0.000300;5.000000;2.500000;120;0.000000;8;19;1;8503.17290000;8503.17290000;0.00000000;265;55;0.21;1606.1703;-1496.8271;-0.9319;-5.648404
20200505;4;20.0000;LowOrHighOfLast2Candles;40;2.0000;0.000300;5.000000;2.500000;120;0.000000;8;19;1;8809.92837000;8809.92837000;0.00000000;182;34;0.19;1304.2835;-1190.0716;-0.9124;-6.538855
20200505;5;20.0000;LowOrHighOfLast2Candles;40;2.0000;0.000300;5.000000;2.500000;120;0.000000;8;19;1;8246.46466000;8246.46466000;0.00000000;230;41;0.18;1763.8753;-1753.5353;-0.9941;-7.624067
20200505;4;20.0000;LowOrHighOfLast2Candles;50;2.0000;0.000300;5.000000;2.500000;120;0.000000;8;19;1;8761.71299000;8761.71299000;0.00000000;157;26;0.17;1357.6770;-1238.2870;-0.9121;-7.887178
20200505;5;20.0000;LowOrHighOfLast2Candles;50;2.0000;0.000300;5.000000;2.500000;120;0.000000;8;19;1;7849.74231000;7849.74231000;0.00000000;199;26;0.13;2150.2577;-2150.2577;-1.0000;-10.805315
20200505;4;20.0000;LowOrHighOfLast2Candles;60;2.0000;0.000300;5.000000;2.500000;120;0.000000;8;19;1;8779.91912000;8779.91912000;0.00000000;135;20;0.15;1288.8509;-1220.0809;-0.9466;-9.037636
20200505;5;20.0000;LowOrHighOfLast2Candles;60;2.0000;0.000300;5.000000;2.500000;120;0.000000;8;19;1;7926.44196000;7926.44196000;0.00000000;174;19;0.11;2073.5580;-2073.5580;-1.0000;-11.917000
20200505;4;20.0000;LowOrHighOfLast2Candles;70;2.0000;0.000300;5.000000;2.500000;120;0.000000;8;19;1;9082.15263000;9082.15263000;0.00000000;111;17;0.15;1004.3174;-917.8474;-0.9139;-8.268895
20200505;5;20.0000;LowOrHighOfLast2Candles;70;2.0000;0.000300;5.000000;2.500000;120;0.000000;8;19;1;8058.42576000;8058.42576000;0.00000000;149;13;0.09;1960.7942;-1941.5742;-0.9902;-13.030700
20200505;4;20.0000;LowOrHighOfLast2Candles;80;2.0000;0.000300;5.000000;2.500000;120;0.000000;8;19;1;8822.64000000;8822.64000000;0.00000000;99;10;0.10;1252.5100;-1177.3600;-0.9400;-11.892525
20200505;5;20.0000;LowOrHighOfLast2Candles;80;2.0000;0.000300;5.000000;2.500000;120;0.000000;8;19;1;7788.06084000;7788.06084000;0.00000000;132;5;0.04;2211.9392;-2211.9392;-1.0000;-16.757115
20200505;4;20.0000;LowOrHighOfLast2Candles;90;2.0000;0.000300;5.000000;2.500000;120;0.000000;8;19;1;8762.64000000;8762.64000000;0.00000000;87;6;0.07;1301.6200;-1237.3600;-0.9506;-14.222529
20200505;5;20.0000;LowOrHighOfLast2Candles;90;2.0000;0.000300;5.000000;2.500000;120;0.000000;8;19;1;7983.08000000;7983.08000000;0.00000000;118;4;0.03;2016.9200;-2016.9200;-1.0000;-17.092542
20200505;4;20.0000;LowOrHighOfLast2Candles;-30;2.0000;0.000300;5.000000;3.000000;120;0.000000;8;19;1;10053.15431000;10053.15431000;0.00000000;209;61;0.29;556.0995;53.1543;0.0956;0.254327
20200505;5;20.0000;LowOrHighOfLast2Candles;-30;2.0000;0.000300;5.000000;3.000000;120;0.000000;8;19;1;8999.50213000;8999.50213000;0.00000000;266;66;0.25;1019.5795;-1000.4979;-0.9813;-3.761270
20200505;4;20.0000;LowOrHighOfLast2Candles;-20;2.0000;0.000300;5.000000;3.000000;120;0.000000;8;19;1;9936.00701000;9936.00701000;0.00000000;255;78;0.31;579.2176;-63.9930;-0.1105;-0.250953
20200505;5;20.0000;LowOrHighOfLast2Candles;-20;2.0000;0.000300;5.000000;3.000000;120;0.000000;8;19;1;8863.67966000;8863.67966000;0.00000000;317;81;0.26;1185.6894;-1136.3203;-0.9584;-3.584607
20200505;4;20.0000;LowOrHighOfLast2Candles;-10;2.0000;0.000300;5.000000;3.000000;120;0.000000;8;19;1;9719.21521000;9719.21521000;0.00000000;278;83;0.30;504.0284;-280.7848;-0.5571;-1.010017
20200505;5;20.0000;LowOrHighOfLast2Candles;-10;2.0000;0.000300;5.000000;3.000000;120;0.000000;8;19;1;8905.27469000;8905.27469000;0.00000000;350;92;0.26;1119.3235;-1094.7253;-0.9780;-3.127787
20200505;4;20.0000;LowOrHighOfLast2Candles;0;2.0000;0.000300;5.000000;3.000000;120;0.000000;8;19;1;9104.59176000;9104.59176000;0.00000000;292;75;0.26;1072.8918;-895.4082;-0.8346;-3.066467
20200505;5;20.0000;LowOrHighOfLast2Candles;0;2.0000;0.000300;5.000000;3.000000;120;0.000000;8;19;1;8625.91674000;8625.91674000;0.00000000;367;91;0.25;1434.7083;-1374.0833;-0.9577;-3.744096
20200505;4;20.0000;LowOrHighOfLast2Candles;10;2.0000;0.000300;5.000000;3.000000;120;0.000000;8;19;1;9128.57161000;9128.57161000;0.00000000;271;68;0.25;1080.0681;-871.4284;-0.8068;-3.215603
20200505;5;20.0000;LowOrHighOfLast2Candles;10;2.0000;0.000300;5.000000;3.000000;120;0.000000;8;19;1;8858.96426000;8858.96426000;0.00000000;341;83;0.24;1166.9252;-1141.0357;-0.9778;-3.346146
20200505;4;20.0000;LowOrHighOfLast2Candles;20;2.0000;0.000300;5.000000;3.000000;120;0.000000;8;19;1;9183.70471000;9183.70471000;0.00000000;244;57;0.23;950.2392;-816.2953;-0.8590;-3.345473
20200505;5;20.0000;LowOrHighOfLast2Candles;20;2.0000;0.000300;5.000000;3.000000;120;0.000000;8;19;1;8685.98912000;8685.98912000;0.00000000;297;66;0.22;1361.7809;-1314.0109;-0.9649;-4.424279
20200505;4;20.0000;LowOrHighOfLast2Candles;30;2.0000;0.000300;5.000000;3.000000;120;0.000000;8;19;1;9190.58526000;9190.58526000;0.00000000;207;42;0.20;1018.6226;-809.4147;-0.7946;-3.910216
20200505;5;20.0000;LowOrHighOfLast2Candles;30;2.0000;0.000300;5.000000;3.000000;120;0.000000;8;19;1;8798.05040000;8798.05040000;0.00000000;261;53;0.20;1325.2828;-1201.9496;-0.9069;-4.605171
20200505;4;20.0000;LowOrHighOfLast2Candles;40;2.0000;0.000300;5.000000;3.000000;120;0.000000;8;19;1;9016.68049000;9016.68049000;0.00000000;181;34;0.19;1126.1314;-983.3195;-0.8732;-5.432704
20200505;5;20.0000;LowOrHighOfLast2Candles;40;2.0000;0.000300;5.000000;3.000000;120;0.000000;8;19;1;8448.22919000;8448.22919000;0.00000000;226;39;0.17;1584.2530;-1551.7708;-0.9795;-6.866243
20200505;4;20.0000;LowOrHighOfLast2Candles;50;2.0000;0.000300;5.000000;3.000000;120;0.000000;8;19;1;8840.68659000;8840.68659000;0.00000000;156;25;0.16;1307.3632;-1159.3134;-0.8868;-7.431496
20200505;5;20.0000;LowOrHighOfLast2Candles;50;2.0000;0.000300;5.000000;3.000000;120;0.000000;8;19;1;7947.52591000;7947.52591000;0.00000000;197;25;0.13;2052.4741;-2052.4741;-1.0000;-10.418650
20200505;4;20.0000;LowOrHighOfLast2Candles;60;2.0000;0.000300;5.000000;3.000000;120;0.000000;8;19;1;8775.45414000;8775.45414000;0.00000000;135;18;0.13;1312.5159;-1224.5459;-0.9330;-9.070710
20200505;5;20.0000;LowOrHighOfLast2Candles;60;2.0000;0.000300;5.000000;3.000000;120;0.000000;8;19;1;7831.28942000;7831.28942000;0.00000000;174;16;0.09;2168.7106;-2168.7106;-1.0000;-12.463854
20200505;4;20.0000;LowOrHighOfLast2Candles;70;2.0000;0.000300;5.000000;3.000000;120;0.000000;8;19;1;8984.54621000;8984.54621000;0.00000000;111;14;0.13;1131.2138;-1015.4538;-0.8977;-9.148232
20200505;5;20.0000;LowOrHighOfLast2Candles;70;2.0000;0.000300;5.000000;3.000000;120;0.000000;8;19;1;7862.00934000;7862.00934000;0.00000000;148;9;0.06;2137.9907;-2137.9907;-1.0000;-14.445883
20200505;4;20.0000;LowOrHighOfLast2Candles;80;2.0000;0.000300;5.000000;3.000000;120;0.000000;8;19;1;8921.10000000;8921.10000000;0.00000000;99;10;0.10;1173.4800;-1078.9000;-0.9194;-10.897980
20200505;5;20.0000;LowOrHighOfLast2Candles;80;2.0000;0.000300;5.000000;3.000000;120;0.000000;8;19;1;7837.54084000;7837.54084000;0.00000000;132;5;0.04;2162.4592;-2162.4592;-1.0000;-16.382266
20200505;4;20.0000;LowOrHighOfLast2Candles;90;2.0000;0.000300;5.000000;3.000000;120;0.000000;8;19;1;8822.38000000;8822.38000000;0.00000000;87;6;0.07;1251.6000;-1177.6200;-0.9409;-13.535862
20200505;5;20.0000;LowOrHighOfLast2Candles;90;2.0000;0.000300;5.000000;3.000000;120;0.000000;8;19;1;8023.41000000;8023.41000000;0.00000000;118;4;0.03;1976.5900;-1976.5900;-1.0000;-16.750763
20200505;4;20.0000;LowOrHighOfLast2Candles;-30;2.0000;0.000300;5.000000;3.500000;120;0.000000;8;19;1;10031.51687000;10031.51687000;0.00000000;208;58;0.28;621.6211;31.5169;0.0507;0.151523
20200505;5;20.0000;LowOrHighOfLast2Candles;-30;2.0000;0.000300;5.000000;3.500000;120;0.000000;8;19;1;9163.78145000;9163.78145000;0.00000000;262;64;0.24;922.1230;-836.2186;-0.9068;-3.191674
20200505;4;20.0000;LowOrHighOfLast2Candles;-20;2.0000;0.000300;5.000000;3.500000;120;0.000000;8;19;1;9637.36273000;9637.36273000;0.00000000;252;71;0.28;775.3952;-362.6373;-0.4677;-1.439037
20200505;5;20.0000;LowOrHighOfLast2Candles;-20;2.0000;0.000300;5.000000;3.500000;120;0.000000;8;19;1;8714.48615000;8714.48615000;0.00000000;313;74;0.24;1332.2000;-1285.5138;-0.9650;-4.107073
20200505;4;20.0000;LowOrHighOfLast2Candles;-10;2.0000;0.000300;5.000000;3.500000;120;0.000000;8;19;1;9621.04790000;9621.04790000;0.00000000;274;76;0.28;595.0592;-378.9521;-0.6368;-1.383037
20200505;5;20.0000;LowOrHighOfLast2Candles;-10;2.0000;0.000300;5.000000;3.500000;120;0.000000;8;19;1;8642.37188000;8642.37188000;0.00000000;345;85;0.25;1388.8467;-1357.6281;-0.9775;-3.935154
20200505;4;20.0000;LowOrHighOfLast2Candles;0;2.0000;0.000300;5.000000;3.500000;120;0.000000;8;19;1;9157.06279000;9157.06279000;0.00000000;285;69;0.24;1049.1962;-842.9372;-0.8034;-2.957674
20200505;5;20.0000;LowOrHighOfLast2Candles;0;2.0000;0.000300;5.000000;3.500000;120;0.000000;8;19;1;8606.44628000;8606.44628000;0.00000000;364;86;0.24;1541.2146;-1393.5537;-0.9042;-3.828444
20200505;4;20.0000;LowOrHighOfLast2Candles;10;2.0000;0.000300;5.000000;3.500000;120;0.000000;8;19;1;9114.86293000;9114.86293000;0.00000000;270;64;0.24;1132.9768;-885.1371;-0.7812;-3.278285
20200505;5;20.0000;LowOrHighOfLast2Candles;10;2.0000;0.000300;5.000000;3.500000;120;0.000000;8;19;1;8945.75766000;8945.75766000;0.00000000;339;80;0.24;1110.2753;-1054.2423;-0.9495;-3.109859
20200505;4;20.0000;LowOrHighOfLast2Candles;20;2.0000;0.000300;5.000000;3.500000;120;0.000000;8;19;1;9229.32736000;9229.32736000;0.00000000;243;56;0.23;933.6965;-770.6726;-0.8254;-3.171492
20200505;5;20.0000;LowOrHighOfLast2Candles;20;2.0000;0.000300;5.000000;3.500000;120;0.000000;8;19;1;8552.31431000;8552.31431000;0.00000000;296;63;0.21;1505.3557;-1447.6857;-0.9617;-4.890830
20200505;4;20.0000;LowOrHighOfLast2Candles;30;2.0000;0.000300;5.000000;3.500000;120;0.000000;8;19;1;9171.35498000;9171.35498000;0.00000000;206;40;0.19;993.2629;-828.6450;-0.8343;-4.022549
20200505;5;20.0000;LowOrHighOfLast2Candles;30;2.0000;0.000300;5.000000;3.500000;120;0.000000;8;19;1;8536.67864000;8536.67864000;0.00000000;261;48;0.18;1541.4445;-1463.3214;-0.9493;-5.606595
20200505;4;20.0000;LowOrHighOfLast2Candles;40;2.0000;0.000300;5.000000;3.500000;120;0.000000;8;19;1;9193.87495000;9193.87495000;0.00000000;180;33;0.18;977.5069;-806.1250;-0.8247;-4.478472
20200505;5;20.0000;LowOrHighOfLast2Candles;40;2.0000;0.000300;5.000000;3.500000;120;0.000000;8;19;1;8634.63919000;8634.63919000;0.00000000;226;38;0.17;1426.2830;-1365.3608;-0.9573;-6.041420
20200505;4;20.0000;LowOrHighOfLast2Candles;50;2.0000;0.000300;5.000000;3.500000;120;0.000000;8;19;1;8955.24783000;8955.24783000;0.00000000;156;25;0.16;1221.8220;-1044.7522;-0.8551;-6.697129
20200505;5;20.0000;LowOrHighOfLast2Candles;50;2.0000;0.000300;5.000000;3.500000;120;0.000000;8;19;1;7974.46611000;7974.46611000;0.00000000;195;23;0.12;2025.5339;-2025.5339;-1.0000;-10.387353
20200505;4;20.0000;LowOrHighOfLast2Candles;60;2.0000;0.000300;5.000000;3.500000;120;0.000000;8;19;1;8920.32458000;8920.32458000;0.00000000;135;18;0.13;1186.6654;-1079.6754;-0.9098;-7.997596
20200505;5;20.0000;LowOrHighOfLast2Candles;60;2.0000;0.000300;5.000000;3.500000;120;0.000000;8;19;1;7957.72986000;7957.72986000;0.00000000;174;16;0.09;2042.2701;-2042.2701;-1.0000;-11.737185
20200505;4;20.0000;LowOrHighOfLast2Candles;70;2.0000;0.000300;5.000000;3.500000;120;0.000000;8;19;1;9104.35621000;9104.35621000;0.00000000;111;14;0.13;1033.6738;-895.6438;-0.8665;-8.068863
20200505;5;20.0000;LowOrHighOfLast2Candles;70;2.0000;0.000300;5.000000;3.500000;120;0.000000;8;19;1;7847.30934000;7847.30934000;0.00000000;148;8;0.05;2152.6907;-2152.6907;-1.0000;-14.545207
20200505;4;20.0000;LowOrHighOfLast2Candles;80;2.0000;0.000300;5.000000;3.500000;120;0.000000;8;19;1;8905.37000000;8905.37000000;0.00000000;99;9;0.09;1209.0800;-1094.6300;-0.9053;-11.056869
20200505;5;20.0000;LowOrHighOfLast2Candles;80;2.0000;0.000300;5.000000;3.500000;120;0.000000;8;19;1;7789.34084000;7789.34084000;0.00000000;132;4;0.03;2210.6592;-2210.6592;-1.0000;-16.747418
20200505;4;20.0000;LowOrHighOfLast2Candles;90;2.0000;0.000300;5.000000;3.500000;120;0.000000;8;19;1;8881.34000000;8881.34000000;0.00000000;87;6;0.07;1202.9000;-1118.6600;-0.9300;-12.858161
20200505;5;20.0000;LowOrHighOfLast2Candles;90;2.0000;0.000300;5.000000;3.500000;120;0.000000;8;19;1;7864.71867000;7864.71867000;0.00000000;118;2;0.02;2135.2813;-2135.2813;-1.0000;-18.095604
20200505;4;20.0000;LowOrHighOfLast2Candles;-30;2.0000;0.000300;5.000000;4.000000;120;0.000000;8;19;1;10059.33325000;10059.33325000;0.00000000;206;57;0.28;650.1906;59.3333;0.0913;0.288025
20200505;5;20.0000;LowOrHighOfLast2Candles;-30;2.0000;0.000300;5.000000;4.000000;120;0.000000;8;19;1;9212.68291000;9212.68291000;0.00000000;261;63;0.24;911.9028;-787.3171;-0.8634;-3.016541
20200505;4;20.0000;LowOrHighOfLast2Candles;-20;2.0000;0.000300;5.000000;4.000000;120;0.000000;8;19;1;9721.16645000;9721.16645000;0.00000000;250;70;0.28;785.0822;-278.8335;-0.3552;-1.115334
20200505;5;20.0000;LowOrHighOfLast2Candles;-20;2.0000;0.000300;5.000000;4.000000;120;0.000000;8;19;1;8882.19791000;8882.19791000;0.00000000;311;74;0.24;1200.5649;-1117.8021;-0.9311;-3.594219
20200505;4;20.0000;LowOrHighOfLast2Candles;-10;2.0000;0.000300;5.000000;4.000000;120;0.000000;8;19;1;9521.45899000;9521.45899000;0.00000000;271;71;0.26;667.8950;-478.5410;-0.7165;-1.765834
20200505;5;20.0000;LowOrHighOfLast2Candles;-10;2.0000;0.000300;5.000000;4.000000;120;0.000000;8;19;1;8799.77356000;8799.77356000;0.00000000;342;83;0.24;1241.5251;-1200.2264;-0.9667;-3.509434
20200505;4;20.0000;LowOrHighOfLast2Candles;0;2.0000;0.000300;5.000000;4.000000;120;0.000000;8;19;1;9091.64700000;9091.64700000;0.00000000;283;65;0.23;1084.4567;-908.3530;-0.8376;-3.209728
20200505;5;20.0000;LowOrHighOfLast2Candles;0;2.0000;0.000300;5.000000;4.000000;120;0.000000;8;19;1;8504.54181000;8504.54181000;0.00000000;359;82;0.23;1541.1535;-1495.4582;-0.9703;-4.165622
20200505;4;20.0000;LowOrHighOfLast2Candles;10;2.0000;0.000300;5.000000;4.000000;120;0.000000;8;19;1;9159.50981000;9159.50981000;0.00000000;263;60;0.23;1127.3304;-840.4902;-0.7456;-3.195780
20200505;5;20.0000;LowOrHighOfLast2Candles;10;2.0000;0.000300;5.000000;4.000000;120;0.000000;8;19;1;8965.96438000;8965.96438000;0.00000000;337;78;0.23;1144.0586;-1034.0356;-0.9038;-3.068355
20200505;4;20.0000;LowOrHighOfLast2Candles;20;2.0000;0.000300;5.000000;4.000000;120;0.000000;8;19;1;9282.27038000;9282.27038000;0.00000000;243;54;0.22;910.1735;-717.7296;-0.7886;-2.953620
20200505;5;20.0000;LowOrHighOfLast2Candles;20;2.0000;0.000300;5.000000;4.000000;120;0.000000;8;19;1;8806.03262000;8806.03262000;0.00000000;293;63;0.22;1276.4728;-1193.9674;-0.9354;-4.074974
20200505;4;20.0000;LowOrHighOfLast2Candles;30;2.0000;0.000300;5.000000;4.000000;120;0.000000;8;19;1;9196.37830000;9196.37830000;0.00000000;206;39;0.19;997.9596;-803.6217;-0.8053;-3.901076
20200505;5;20.0000;LowOrHighOfLast2Candles;30;2.0000;0.000300;5.000000;4.000000;120;0.000000;8;19;1;8452.54013000;8452.54013000;0.00000000;260;46;0.18;1628.3399;-1547.4599;-0.9503;-5.951769
20200505;4;20.0000;LowOrHighOfLast2Candles;40;2.0000;0.000300;5.000000;4.000000;120;0.000000;8;19;1;9153.29396000;9153.29396000;0.00000000;179;31;0.17;953.9679;-846.7060;-0.8876;-4.730201
20200505;5;20.0000;LowOrHighOfLast2Candles;40;2.0000;0.000300;5.000000;4.000000;120;0.000000;8;19;1;8315.68057000;8315.68057000;0.00000000;225;33;0.15;1722.4794;-1684.3194;-0.9778;-7.485864
20200505;4;20.0000;LowOrHighOfLast2Candles;50;2.0000;0.000300;5.000000;4.000000;120;0.000000;8;19;1;9050.23968000;9050.23968000;0.00000000;156;25;0.16;1156.0101;-949.7603;-0.8216;-6.088207
20200505;5;20.0000;LowOrHighOfLast2Candles;50;2.0000;0.000300;5.000000;4.000000;120;0.000000;8;19;1;8066.11237000;8066.11237000;0.00000000;193;22;0.11;1933.8876;-1933.8876;-1.0000;-10.020143
20200505;4;20.0000;LowOrHighOfLast2Candles;60;2.0000;0.000300;5.000000;4.000000;120;0.000000;8;19;1;8917.67970000;8917.67970000;0.00000000;135;18;0.13;1208.6603;-1082.3203;-0.8955;-8.017187
20200505;5;20.0000;LowOrHighOfLast2Candles;60;2.0000;0.000300;5.000000;4.000000;120;0.000000;8;19;1;7819.16974000;7819.16974000;0.00000000;173;14;0.08;2180.8303;-2180.8303;-1.0000;-12.605955
20200505;4;20.0000;LowOrHighOfLast2Candles;70;2.0000;0.000300;5.000000;4.000000;120;0.000000;8;19;1;9117.79705000;9117.79705000;0.00000000;111;13;0.12;1039.6129;-882.2029;-0.8486;-7.947774
20200505;5;20.0000;LowOrHighOfLast2Candles;70;2.0000;0.000300;5.000000;4.000000;120;0.000000;8;19;1;7812.81272000;7812.81272000;0.00000000;148;7;0.05;2187.1873;-2187.1873;-1.0000;-14.778292
20200505;4;20.0000;LowOrHighOfLast2Candles;80;2.0000;0.000300;5.000000;4.000000;120;0.000000;8;19;1;8983.95000000;8983.95000000;0.00000000;99;9;0.09;1149.9300;-1016.0500;-0.8836;-10.263131
20200505;5;20.0000;LowOrHighOfLast2Candles;80;2.0000;0.000300;5.000000;4.000000;120;0.000000;8;19;1;7829.02084000;7829.02084000;0.00000000;132;4;0.03;2170.9792;-2170.9792;-1.0000;-16.446812
20200505;4;20.0000;LowOrHighOfLast2Candles;90;2.0000;0.000300;5.000000;4.000000;120;0.000000;8;19;1;8941.21000000;8941.21000000;0.00000000;87;6;0.07;1153.2900;-1058.7900;-0.9181;-12.170000
20200505;5;20.0000;LowOrHighOfLast2Candles;90;2.0000;0.000300;5.000000;4.000000;120;0.000000;8;19;1;7884.49867000;7884.49867000;0.00000000;118;2;0.02;2115.5013;-2115.5013;-1.0000;-17.927977
